
Asexual Model with selection (random number based on
relative fitness to determine who survives).  Mutation rate is      1e-08,
Starting values at generation   0 are; population size   1000,
with avg fitness of    1.04023.

gen  popSize    avgFit     maxFit maxAlleles avgAlleles 
  0    1000     1.04023    1.45200      4     0.3950
  1    1000     1.04023    1.45200      4     0.3950
  2    1000     1.04424    1.45200      4     0.4340
  3    1000     1.04903    1.45200      4     0.4800
  4    1000     1.05340    1.45200      4     0.5220
  5    1000     1.06114    1.45200      4     0.5960
  6    1000     1.06445    1.45200      4     0.6280
  7    1000     1.07173    1.45200      4     0.6990
  8    1000     1.07672    1.45200      4     0.7460
  9    1000     1.08089    1.45200      4     0.7850
 10    1000     1.09043    1.45200      4     0.8750
 11    1000     1.09899    1.45200      4     0.9570
 12    1000     1.10563    1.45200      4     1.0210
 13    1000     1.11506    1.45200      4     1.1100
 14    1000     1.12035    1.45200      4     1.1600
 15    1000     1.12791    1.45200      4     1.2290
 16    1000     1.13188    1.45200      4     1.2660
 17    1000     1.14196    1.45200      4     1.3570
 18    1000     1.15034    1.45200      4     1.4310
 19    1000     1.16188    1.45200      4     1.5350
 20    1000     1.17681    1.45200      4     1.6680
 21    1000     1.18998    1.45200      4     1.7860
 22    1000     1.20041    1.45200      4     1.8780
 23    1000     1.21182    1.45200      4     1.9760
 24    1000     1.22836    1.45200      4     2.1190
 25    1000     1.23913    1.45200      4     2.2100
 26    1000     1.25765    1.45200      4     2.3690
 27    1000     1.27028    1.45200      4     2.4770
 28    1000     1.27999    1.45200      4     2.5590
 29    1000     1.28692    1.45200      4     2.6190
 30    1000     1.30411    1.45200      4     2.7650
 31    1000     1.31463    1.45200      4     2.8540
 32    1000     1.32902    1.45200      4     2.9750
 33    1000     1.34182    1.45200      4     3.0820
 34    1000     1.35915    1.45200      4     3.2280
 35    1000     1.36552    1.45200      4     3.2810
 36    1000     1.37058    1.45200      4     3.3230
 37    1000     1.37855    1.45200      4     3.3890
 38    1000     1.39150    1.45200      4     3.4970
 39    1000     1.39926    1.45200      4     3.5620
 40    1000     1.40636    1.45200      4     3.6210
 41    1000     1.41314    1.45200      4     3.6770
 42    1000     1.42308    1.45200      4     3.7600
 43    1000     1.42882    1.45200      4     3.8080
 44    1000     1.43159    1.45200      4     3.8310
 45    1000     1.43174    1.45200      4     3.8320
 46    1000     1.43244    1.45200      4     3.8380
 47    1000     1.43326    1.45200      4     3.8450
 48    1000     1.43387    1.45200      4     3.8500
 49    1000     1.43554    1.45200      4     3.8640
 50    1000     1.44002    1.45200      4     3.9010
 51    1000     1.44159    1.45200      4     3.9140
 52    1000     1.44341    1.45200      4     3.9290
 53    1000     1.44171    1.45200      4     3.9150
 54    1000     1.44329    1.45200      4     3.9280
 55    1000     1.44365    1.45200      4     3.9310
 56    1000     1.44365    1.45200      4     3.9310
 57    1000     1.44510    1.45200      4     3.9430
 58    1000     1.44619    1.45200      4     3.9520
 59    1000     1.44740    1.45200      4     3.9620
 60    1000     1.44655    1.45200      4     3.9550
 61    1000     1.44764    1.45200      4     3.9640
 62    1000     1.44873    1.45200      4     3.9730
 63    1000     1.45006    1.45200      4     3.9840
 64    1000     1.45103    1.45200      4     3.9920
 65    1000     1.45127    1.45200      4     3.9940
 66    1000     1.45127    1.45200      4     3.9940
 67    1000     1.45152    1.45200      4     3.9960
 68    1000     1.45152    1.45200      4     3.9960
 69    1000     1.45176    1.45200      4     3.9980
 70    1000     1.45200    1.45200      4     4.0000
 71    1000     1.45200    1.45200      4     4.0000
 72    1000     1.45200    1.45200      4     4.0000
 73    1000     1.45200    1.45200      4     4.0000
 74    1000     1.45200    1.45200      4     4.0000
 75    1000     1.45200    1.45200      4     4.0000
 76    1000     1.45200    1.45200      4     4.0000
 77    1000     1.45200    1.45200      4     4.0000
 78    1000     1.45200    1.45200      4     4.0000
 79    1000     1.45200    1.45200      4     4.0000
 80    1000     1.45200    1.45200      4     4.0000
 81    1000     1.45200    1.45200      4     4.0000
 82    1000     1.45200    1.45200      4     4.0000
 83    1000     1.45200    1.45200      4     4.0000
 84    1000     1.45200    1.45200      4     4.0000
 85    1000     1.45200    1.45200      4     4.0000
 86    1000     1.45200    1.45200      4     4.0000
 87    1000     1.45200    1.45200      4     4.0000
 88    1000     1.45200    1.45200      4     4.0000
 89    1000     1.45200    1.45200      4     4.0000
 90    1000     1.45200    1.45200      4     4.0000
 91    1000     1.45200    1.45200      4     4.0000
 92    1000     1.45200    1.45200      4     4.0000
 93    1000     1.45200    1.45200      4     4.0000
 94    1000     1.45200    1.45200      4     4.0000
 95    1000     1.45200    1.45200      4     4.0000
 96    1000     1.45200    1.45200      4     4.0000
 97    1000     1.45200    1.45200      4     4.0000
 98    1000     1.45200    1.45200      4     4.0000
 99    1000     1.45200    1.45200      4     4.0000
100    1000     1.45200    1.45200      4     4.0000

Asexual Model with selection (random number based on
relative fitness to determine who survives).  Mutation rate is      1e-08,
Starting values at generation   0 are; population size   1000,
with avg fitness of    1.04023.

gen  popSize    avgFit     maxFit maxAlleles avgAlleles 
  0    1000     1.04023    1.45200      4     0.3950
  1    1000     1.04023    1.45200      4     0.3950
  2    1000     1.04424    1.45200      4     0.4340
  3    1000     1.04903    1.45200      4     0.4800
  4    1000     1.05340    1.45200      4     0.5220
  5    1000     1.06114    1.45200      4     0.5960
  6    1000     1.06445    1.45200      4     0.6280
  7    1000     1.07173    1.45200      4     0.6990
  8    1000     1.07672    1.45200      4     0.7460
  9    1000     1.08089    1.45200      4     0.7850
 10    1000     1.09043    1.45200      4     0.8750
 11    1000     1.09899    1.45200      4     0.9570
 12    1000     1.10563    1.45200      4     1.0210
 13    1000     1.11506    1.45200      4     1.1100
 14    1000     1.12035    1.45200      4     1.1600
 15    1000     1.12791    1.45200      4     1.2290
 16    1000     1.13188    1.45200      4     1.2660
 17    1000     1.14196    1.45200      4     1.3570
 18    1000     1.15034    1.45200      4     1.4310
 19    1000     1.16188    1.45200      4     1.5350
 20    1000     1.17681    1.45200      4     1.6680
 21    1000     1.18998    1.45200      4     1.7860
 22    1000     1.20041    1.45200      4     1.8780
 23    1000     1.21182    1.45200      4     1.9760
 24    1000     1.22836    1.45200      4     2.1190
 25    1000     1.23913    1.45200      4     2.2100
 26    1000     1.25765    1.45200      4     2.3690
 27    1000     1.27028    1.45200      4     2.4770
 28    1000     1.27999    1.45200      4     2.5590
 29    1000     1.28692    1.45200      4     2.6190
 30    1000     1.30411    1.45200      4     2.7650
 31    1000     1.31463    1.45200      4     2.8540
 32    1000     1.32902    1.45200      4     2.9750
 33    1000     1.34182    1.45200      4     3.0820
 34    1000     1.35915    1.45200      4     3.2280
 35    1000     1.36552    1.45200      4     3.2810
 36    1000     1.37058    1.45200      4     3.3230
 37    1000     1.37855    1.45200      4     3.3890
 38    1000     1.39150    1.45200      4     3.4970
 39    1000     1.39926    1.45200      4     3.5620
 40    1000     1.40636    1.45200      4     3.6210
 41    1000     1.41314    1.45200      4     3.6770
 42    1000     1.42308    1.45200      4     3.7600
 43    1000     1.42882    1.45200      4     3.8080
 44    1000     1.43159    1.45200      4     3.8310
 45    1000     1.43174    1.45200      4     3.8320
 46    1000     1.43244    1.45200      4     3.8380
 47    1000     1.43326    1.45200      4     3.8450
 48    1000     1.43387    1.45200      4     3.8500
 49    1000     1.43554    1.45200      4     3.8640
 50    1000     1.44002    1.45200      4     3.9010
 51    1000     1.44159    1.45200      4     3.9140
 52    1000     1.44341    1.45200      4     3.9290
 53    1000     1.44171    1.45200      4     3.9150
 54    1000     1.44329    1.45200      4     3.9280
 55    1000     1.44365    1.45200      4     3.9310
 56    1000     1.44365    1.45200      4     3.9310
 57    1000     1.44510    1.45200      4     3.9430
 58    1000     1.44619    1.45200      4     3.9520
 59    1000     1.44740    1.45200      4     3.9620
 60    1000     1.44655    1.45200      4     3.9550
 61    1000     1.44764    1.45200      4     3.9640
 62    1000     1.44873    1.45200      4     3.9730
 63    1000     1.45006    1.45200      4     3.9840
 64    1000     1.45103    1.45200      4     3.9920
 65    1000     1.45127    1.45200      4     3.9940
 66    1000     1.45127    1.45200      4     3.9940
 67    1000     1.45152    1.45200      4     3.9960
 68    1000     1.45152    1.45200      4     3.9960
 69    1000     1.45176    1.45200      4     3.9980
 70    1000     1.45200    1.45200      4     4.0000
 71    1000     1.45200    1.45200      4     4.0000
 72    1000     1.45200    1.45200      4     4.0000
 73    1000     1.45200    1.45200      4     4.0000
 74    1000     1.45200    1.45200      4     4.0000
 75    1000     1.45200    1.45200      4     4.0000
 76    1000     1.45200    1.45200      4     4.0000
 77    1000     1.45200    1.45200      4     4.0000
 78    1000     1.45200    1.45200      4     4.0000
 79    1000     1.45200    1.45200      4     4.0000
 80    1000     1.45200    1.45200      4     4.0000
 81    1000     1.45200    1.45200      4     4.0000
 82    1000     1.45200    1.45200      4     4.0000
 83    1000     1.45200    1.45200      4     4.0000
 84    1000     1.45200    1.45200      4     4.0000
 85    1000     1.45200    1.45200      4     4.0000
 86    1000     1.45200    1.45200      4     4.0000
 87    1000     1.45200    1.45200      4     4.0000
 88    1000     1.45200    1.45200      4     4.0000
 89    1000     1.45200    1.45200      4     4.0000
 90    1000     1.45200    1.45200      4     4.0000
 91    1000     1.45200    1.45200      4     4.0000
 92    1000     1.45200    1.45200      4     4.0000
 93    1000     1.45200    1.45200      4     4.0000
 94    1000     1.45200    1.45200      4     4.0000
 95    1000     1.45200    1.45200      4     4.0000
 96    1000     1.45200    1.45200      4     4.0000
 97    1000     1.45200    1.45200      4     4.0000
 98    1000     1.45200    1.45200      4     4.0000
 99    1000     1.45200    1.45200      4     4.0000
100    1000     1.45200    1.45200      4     4.0000

Asexual Model with selection (random number based on
relative fitness to determine who survives).  Mutation rate is      1e-08,
Starting values at generation   0 are; population size   1000,
with avg fitness of    1.04023.

gen  popSize    avgFit     maxFit maxAlleles avgAlleles 
  0    1000     1.04023    1.45200      4     0.3950
  1    1000     1.04023    1.45200      4     0.3950
  2    1000     1.04424    1.45200      4     0.4340
  3    1000     1.04903    1.45200      4     0.4800
  4    1000     1.05340    1.45200      4     0.5220
  5    1000     1.06114    1.45200      4     0.5960
  6    1000     1.06445    1.45200      4     0.6280
  7    1000     1.07173    1.45200      4     0.6990
  8    1000     1.07672    1.45200      4     0.7460
  9    1000     1.08089    1.45200      4     0.7850
 10    1000     1.09043    1.45200      4     0.8750
 11    1000     1.09899    1.45200      4     0.9570
 12    1000     1.10563    1.45200      4     1.0210
 13    1000     1.11506    1.45200      4     1.1100
 14    1000     1.12035    1.45200      4     1.1600
 15    1000     1.12791    1.45200      4     1.2290
 16    1000     1.13188    1.45200      4     1.2660
 17    1000     1.14196    1.45200      4     1.3570
 18    1000     1.15034    1.45200      4     1.4310
 19    1000     1.16188    1.45200      4     1.5350
 20    1000     1.17681    1.45200      4     1.6680
 21    1000     1.18998    1.45200      4     1.7860
 22    1000     1.20041    1.45200      4     1.8780
 23    1000     1.21182    1.45200      4     1.9760
 24    1000     1.22836    1.45200      4     2.1190
 25    1000     1.23913    1.45200      4     2.2100
 26    1000     1.25765    1.45200      4     2.3690
 27    1000     1.27028    1.45200      4     2.4770
 28    1000     1.27999    1.45200      4     2.5590
 29    1000     1.28692    1.45200      4     2.6190
 30    1000     1.30411    1.45200      4     2.7650
 31    1000     1.31463    1.45200      4     2.8540
 32    1000     1.32902    1.45200      4     2.9750
 33    1000     1.34182    1.45200      4     3.0820
 34    1000     1.35915    1.45200      4     3.2280
 35    1000     1.36552    1.45200      4     3.2810
 36    1000     1.37058    1.45200      4     3.3230
 37    1000     1.37855    1.45200      4     3.3890
 38    1000     1.39150    1.45200      4     3.4970
 39    1000     1.39926    1.45200      4     3.5620
 40    1000     1.40636    1.45200      4     3.6210
 41    1000     1.41314    1.45200      4     3.6770
 42    1000     1.42308    1.45200      4     3.7600
 43    1000     1.42882    1.45200      4     3.8080
 44    1000     1.43159    1.45200      4     3.8310
 45    1000     1.43174    1.45200      4     3.8320
 46    1000     1.43244    1.45200      4     3.8380
 47    1000     1.43326    1.45200      4     3.8450
 48    1000     1.43387    1.45200      4     3.8500
 49    1000     1.43554    1.45200      4     3.8640
 50    1000     1.44002    1.45200      4     3.9010
 51    1000     1.44159    1.45200      4     3.9140
 52    1000     1.44341    1.45200      4     3.9290
 53    1000     1.44171    1.45200      4     3.9150
 54    1000     1.44329    1.45200      4     3.9280
 55    1000     1.44365    1.45200      4     3.9310
 56    1000     1.44365    1.45200      4     3.9310
 57    1000     1.44510    1.45200      4     3.9430
 58    1000     1.44619    1.45200      4     3.9520
 59    1000     1.44740    1.45200      4     3.9620
 60    1000     1.44655    1.45200      4     3.9550
 61    1000     1.44764    1.45200      4     3.9640
 62    1000     1.44873    1.45200      4     3.9730
 63    1000     1.45006    1.45200      4     3.9840
 64    1000     1.45103    1.45200      4     3.9920
 65    1000     1.45127    1.45200      4     3.9940
 66    1000     1.45127    1.45200      4     3.9940
 67    1000     1.45152    1.45200      4     3.9960
 68    1000     1.45152    1.45200      4     3.9960
 69    1000     1.45176    1.45200      4     3.9980
 70    1000     1.45200    1.45200      4     4.0000
 71    1000     1.45200    1.45200      4     4.0000
 72    1000     1.45200    1.45200      4     4.0000
 73    1000     1.45200    1.45200      4     4.0000
 74    1000     1.45200    1.45200      4     4.0000
 75    1000     1.45200    1.45200      4     4.0000
 76    1000     1.45200    1.45200      4     4.0000
 77    1000     1.45200    1.45200      4     4.0000
 78    1000     1.45200    1.45200      4     4.0000
 79    1000     1.45200    1.45200      4     4.0000
 80    1000     1.45200    1.45200      4     4.0000
 81    1000     1.45200    1.45200      4     4.0000
 82    1000     1.45200    1.45200      4     4.0000
 83    1000     1.45200    1.45200      4     4.0000
 84    1000     1.45200    1.45200      4     4.0000
 85    1000     1.45200    1.45200      4     4.0000
 86    1000     1.45200    1.45200      4     4.0000
 87    1000     1.45200    1.45200      4     4.0000
 88    1000     1.45200    1.45200      4     4.0000
 89    1000     1.45200    1.45200      4     4.0000
 90    1000     1.45200    1.45200      4     4.0000
 91    1000     1.45200    1.45200      4     4.0000
 92    1000     1.45200    1.45200      4     4.0000
 93    1000     1.45200    1.45200      4     4.0000
 94    1000     1.45200    1.45200      4     4.0000
 95    1000     1.45200    1.45200      4     4.0000
 96    1000     1.45200    1.45200      4     4.0000
 97    1000     1.45200    1.45200      4     4.0000
 98    1000     1.45200    1.45200      4     4.0000
 99    1000     1.45200    1.45200      4     4.0000
100    1000     1.45200    1.45200      4     4.0000
