
Asexual Model with selection (random number based on
relative fitness to determine who survives).  Mutation rate is      1e-08,
Starting values at generation   0 are; population size  10000,
with avg fitness of    1.03940.

gen  popSize    avgFit     maxFit maxAlleles avgAlleles 
  0   10000     1.03940    1.46410      4     0.3865
  1   10000     1.03940    1.46410      4     0.3865
  2   10000     1.04305    1.46410      4     0.4216
  3   10000     1.04698    1.46410      4     0.4592
  4   10000     1.05034    1.46410      4     0.4916
  5   10000     1.05669    1.46410      4     0.5522
  6   10000     1.06215    1.46410      4     0.6036
  7   10000     1.06742    1.46410      4     0.6526
  8   10000     1.07531    1.46410      4     0.7264
  9   10000     1.08313    1.46410      4     0.7994
 10   10000     1.09148    1.46410      4     0.8770
 11   10000     1.10115    1.46410      4     0.9662
 12   10000     1.11202    1.46410      4     1.0654
 13   10000     1.12222    1.46410      4     1.1584
 14   10000     1.13378    1.46410      4     1.2628
 15   10000     1.14625    1.46410      4     1.3747
 16   10000     1.15944    1.46410      4     1.4925
 17   10000     1.17404    1.46410      4     1.6226
 18   10000     1.18648    1.46410      4     1.7320
 19   10000     1.20258    1.46410      4     1.8737
 20   10000     1.21646    1.46410      4     1.9949
 21   10000     1.23226    1.46410      4     2.1310
 22   10000     1.24771    1.46410      4     2.2643
 23   10000     1.26418    1.46410      4     2.4045
 24   10000     1.27993    1.46410      4     2.5385
 25   10000     1.29344    1.46410      4     2.6521
 26   10000     1.30631    1.46410      4     2.7605
 27   10000     1.31993    1.46410      4     2.8739
 28   10000     1.33184    1.46410      4     2.9732
 29   10000     1.34263    1.46410      4     3.0611
 30   10000     1.35364    1.46410      4     3.1511
 31   10000     1.36265    1.46410      4     3.2241
 32   10000     1.37179    1.46410      4     3.2986
 33   10000     1.37921    1.46410      4     3.3586
 34   10000     1.38576    1.46410      4     3.4110
 35   10000     1.39350    1.46410      4     3.4731
 36   10000     1.39917    1.46410      4     3.5183
 37   10000     1.40454    1.46410      4     3.5613
 38   10000     1.40987    1.46410      4     3.6032
 39   10000     1.41421    1.46410      4     3.6375
 40   10000     1.41946    1.46410      4     3.6788
 41   10000     1.42291    1.46410      4     3.7063
 42   10000     1.42685    1.46410      4     3.7369
 43   10000     1.43044    1.46410      4     3.7651
 44   10000     1.43227    1.46410      4     3.7793
 45   10000     1.43555    1.46410      4     3.8043
 46   10000     1.43798    1.46410      4     3.8228
 47   10000     1.43917    1.46410      4     3.8317
 48   10000     1.44103    1.46410      4     3.8462
 49   10000     1.44272    1.46410      4     3.8591
 50   10000     1.44443    1.46410      4     3.8719
 51   10000     1.44594    1.46410      4     3.8842
 52   10000     1.44693    1.46410      4     3.8922
 53   10000     1.44762    1.46410      4     3.8973
 54   10000     1.44852    1.46410      4     3.9041
 55   10000     1.44973    1.46410      4     3.9135
 56   10000     1.45061    1.46410      4     3.9202
 57   10000     1.45115    1.46410      4     3.9246
 58   10000     1.45223    1.46410      4     3.9330
 59   10000     1.45297    1.46410      4     3.9381
 60   10000     1.45350    1.46410      4     3.9417
 61   10000     1.45439    1.46410      4     3.9482
 62   10000     1.45477    1.46410      4     3.9511
 63   10000     1.45561    1.46410      4     3.9574
 64   10000     1.45604    1.46410      4     3.9606
 65   10000     1.45655    1.46410      4     3.9639
 66   10000     1.45682    1.46410      4     3.9659
 67   10000     1.45735    1.46410      4     3.9700
 68   10000     1.45764    1.46410      4     3.9720
 69   10000     1.45791    1.46410      4     3.9740
 70   10000     1.45813    1.46410      4     3.9757
 71   10000     1.45842    1.46410      4     3.9778
 72   10000     1.45870    1.46410      4     3.9793
 73   10000     1.45894    1.46410      4     3.9809
 74   10000     1.45909    1.46410      4     3.9819
 75   10000     1.45933    1.46410      4     3.9835
 76   10000     1.45956    1.46410      4     3.9850
 77   10000     1.45981    1.46410      4     3.9870
 78   10000     1.45976    1.46410      4     3.9867
 79   10000     1.45970    1.46410      4     3.9861
 80   10000     1.45977    1.46410      4     3.9870
 81   10000     1.45998    1.46410      4     3.9885
 82   10000     1.46019    1.46410      4     3.9898
 83   10000     1.46022    1.46410      4     3.9902
 84   10000     1.46031    1.46410      4     3.9902
 85   10000     1.46035    1.46410      4     3.9906
 86   10000     1.46033    1.46410      4     3.9905
 87   10000     1.46059    1.46410      4     3.9920
 88   10000     1.46070    1.46410      4     3.9928
 89   10000     1.46087    1.46410      4     3.9941
 90   10000     1.46090    1.46410      4     3.9947
 91   10000     1.46105    1.46410      4     3.9956
 92   10000     1.46118    1.46410      4     3.9965
 93   10000     1.46120    1.46410      4     3.9965
 94   10000     1.46118    1.46410      4     3.9963
 95   10000     1.46122    1.46410      4     3.9967
 96   10000     1.46119    1.46410      4     3.9965
 97   10000     1.46117    1.46410      4     3.9967
 98   10000     1.46126    1.46410      4     3.9971
 99   10000     1.46132    1.46410      4     3.9971
100   10000     1.46141    1.46410      4     3.9973

Asexual Model with selection (random number based on
relative fitness to determine who survives).  Mutation rate is      1e-08,
Starting values at generation   0 are; population size  10000,
with avg fitness of    1.04174.

gen  popSize    avgFit     maxFit maxAlleles avgAlleles 
  0   10000     1.04174    1.46410      4     0.4093
  1   10000     1.04174    1.46410      4     0.4093
  2   10000     1.04655    1.46410      4     0.4556
  3   10000     1.05105    1.46410      4     0.4987
  4   10000     1.05650    1.46410      4     0.5510
  5   10000     1.06124    1.46410      4     0.5963
  6   10000     1.06726    1.46410      4     0.6537
  7   10000     1.07402    1.46410      4     0.7173
  8   10000     1.08124    1.46410      4     0.7851
  9   10000     1.08884    1.46410      4     0.8567
 10   10000     1.09717    1.46410      4     0.9343
 11   10000     1.10488    1.46410      4     1.0055
 12   10000     1.11418    1.46410      4     1.0912
 13   10000     1.12359    1.46410      4     1.1777
 14   10000     1.13282    1.46410      4     1.2621
 15   10000     1.14443    1.46410      4     1.3681
 16   10000     1.15657    1.46410      4     1.4779
 17   10000     1.16778    1.46410      4     1.5785
 18   10000     1.17999    1.46410      4     1.6876
 19   10000     1.19173    1.46410      4     1.7915
 20   10000     1.20442    1.46410      4     1.9032
 21   10000     1.21605    1.46410      4     2.0056
 22   10000     1.22713    1.46410      4     2.1019
 23   10000     1.24075    1.46410      4     2.2200
 24   10000     1.25547    1.46410      4     2.3473
 25   10000     1.26707    1.46410      4     2.4470
 26   10000     1.27987    1.46410      4     2.5566
 27   10000     1.29017    1.46410      4     2.6436
 28   10000     1.30078    1.46410      4     2.7334
 29   10000     1.31178    1.46410      4     2.8257
 30   10000     1.32209    1.46410      4     2.9126
 31   10000     1.33247    1.46410      4     2.9992
 32   10000     1.34144    1.46410      4     3.0730
 33   10000     1.35128    1.46410      4     3.1546
 34   10000     1.35950    1.46410      4     3.2224
 35   10000     1.36623    1.46410      4     3.2774
 36   10000     1.37302    1.46410      4     3.3333
 37   10000     1.37988    1.46410      4     3.3895
 38   10000     1.38699    1.46410      4     3.4479
 39   10000     1.39223    1.46410      4     3.4904
 40   10000     1.39740    1.46410      4     3.5323
 41   10000     1.40226    1.46410      4     3.5714
 42   10000     1.40651    1.46410      4     3.6058
 43   10000     1.41045    1.46410      4     3.6374
 44   10000     1.41390    1.46410      4     3.6649
 45   10000     1.41800    1.46410      4     3.6984
 46   10000     1.42050    1.46410      4     3.7182
 47   10000     1.42359    1.46410      4     3.7431
 48   10000     1.42576    1.46410      4     3.7593
 49   10000     1.42813    1.46410      4     3.7781
 50   10000     1.43030    1.46410      4     3.7958
 51   10000     1.43291    1.46410      4     3.8163
 52   10000     1.43481    1.46410      4     3.8317
 53   10000     1.43632    1.46410      4     3.8431
 54   10000     1.43775    1.46410      4     3.8544
 55   10000     1.43882    1.46410      4     3.8627
 56   10000     1.43974    1.46410      4     3.8700
 57   10000     1.44098    1.46410      4     3.8798
 58   10000     1.44262    1.46410      4     3.8925
 59   10000     1.44371    1.46410      4     3.9012
 60   10000     1.44422    1.46410      4     3.9047
 61   10000     1.44569    1.46410      4     3.9157
 62   10000     1.44644    1.46410      4     3.9218
 63   10000     1.44739    1.46410      4     3.9295
 64   10000     1.44836    1.46410      4     3.9369
 65   10000     1.44892    1.46410      4     3.9408
 66   10000     1.44960    1.46410      4     3.9463
 67   10000     1.45013    1.46410      4     3.9499
 68   10000     1.45095    1.46410      4     3.9561
 69   10000     1.45144    1.46410      4     3.9597
 70   10000     1.45154    1.46410      4     3.9605
 71   10000     1.45170    1.46410      4     3.9618
 72   10000     1.45179    1.46410      4     3.9624
 73   10000     1.45248    1.46410      4     3.9675
 74   10000     1.45298    1.46410      4     3.9717
 75   10000     1.45360    1.46410      4     3.9761
 76   10000     1.45384    1.46410      4     3.9781
 77   10000     1.45422    1.46410      4     3.9807
 78   10000     1.45437    1.46410      4     3.9816
 79   10000     1.45466    1.46410      4     3.9833
 80   10000     1.45481    1.46410      4     3.9845
 81   10000     1.45508    1.46410      4     3.9868
 82   10000     1.45505    1.46410      4     3.9865
 83   10000     1.45521    1.46410      4     3.9878
 84   10000     1.45535    1.46410      4     3.9895
 85   10000     1.45548    1.46410      4     3.9906
 86   10000     1.45564    1.46410      4     3.9911
 87   10000     1.45572    1.46410      4     3.9919
 88   10000     1.45589    1.46410      4     3.9928
 89   10000     1.45602    1.46410      4     3.9943
 90   10000     1.45604    1.46410      4     3.9936
 91   10000     1.45613    1.46410      4     3.9938
 92   10000     1.45613    1.46410      4     3.9933
 93   10000     1.45626    1.46410      4     3.9937
 94   10000     1.45633    1.46410      4     3.9940
 95   10000     1.45645    1.46410      4     3.9945
 96   10000     1.45656    1.46410      4     3.9952
 97   10000     1.45650    1.46410      4     3.9948
 98   10000     1.45655    1.46410      4     3.9950
 99   10000     1.45668    1.46410      4     3.9956
100   10000     1.45657    1.46410      4     3.9947

Asexual Model with selection (random number based on
relative fitness to determine who survives).  Mutation rate is      1e-08,
Starting values at generation   0 are; population size  10000,
with avg fitness of    1.04226.

gen  popSize    avgFit     maxFit maxAlleles avgAlleles 
  0   10000     1.04226    1.46410      4     0.4145
  1   10000     1.04226    1.46410      4     0.4145
  2   10000     1.04682    1.46410      4     0.4582
  3   10000     1.05207    1.46410      4     0.5082
  4   10000     1.05803    1.46410      4     0.5648
  5   10000     1.06466    1.46410      4     0.6270
  6   10000     1.07144    1.46410      4     0.6908
  7   10000     1.07749    1.46410      4     0.7465
  8   10000     1.08504    1.46410      4     0.8161
  9   10000     1.09458    1.46410      4     0.9043
 10   10000     1.10524    1.46410      4     1.0018
 11   10000     1.11540    1.46410      4     1.0934
 12   10000     1.12904    1.46410      4     1.2161
 13   10000     1.14215    1.46410      4     1.3335
 14   10000     1.15676    1.46410      4     1.4635
 15   10000     1.17453    1.46410      4     1.6200
 16   10000     1.18961    1.46410      4     1.7515
 17   10000     1.20688    1.46410      4     1.9011
 18   10000     1.22332    1.46410      4     2.0427
 19   10000     1.24047    1.46410      4     2.1889
 20   10000     1.25990    1.46410      4     2.3532
 21   10000     1.27517    1.46410      4     2.4822
 22   10000     1.29209    1.46410      4     2.6242
 23   10000     1.30778    1.46410      4     2.7551
 24   10000     1.32370    1.46410      4     2.8862
 25   10000     1.33868    1.46410      4     3.0096
 26   10000     1.35110    1.46410      4     3.1109
 27   10000     1.36315    1.46410      4     3.2088
 28   10000     1.37428    1.46410      4     3.2997
 29   10000     1.38419    1.46410      4     3.3801
 30   10000     1.39447    1.46410      4     3.4629
 31   10000     1.40198    1.46410      4     3.5225
 32   10000     1.40935    1.46410      4     3.5814
 33   10000     1.41532    1.46410      4     3.6284
 34   10000     1.42164    1.46410      4     3.6779
 35   10000     1.42557    1.46410      4     3.7088
 36   10000     1.42900    1.46410      4     3.7359
 37   10000     1.43264    1.46410      4     3.7643
 38   10000     1.43625    1.46410      4     3.7924
 39   10000     1.43844    1.46410      4     3.8092
 40   10000     1.44039    1.46410      4     3.8245
 41   10000     1.44250    1.46410      4     3.8409
 42   10000     1.44443    1.46410      4     3.8558
 43   10000     1.44658    1.46410      4     3.8726
 44   10000     1.44843    1.46410      4     3.8866
 45   10000     1.45040    1.46410      4     3.9014
 46   10000     1.45094    1.46410      4     3.9055
 47   10000     1.45199    1.46410      4     3.9136
 48   10000     1.45312    1.46410      4     3.9224
 49   10000     1.45394    1.46410      4     3.9287
 50   10000     1.45445    1.46410      4     3.9326
 51   10000     1.45532    1.46410      4     3.9395
 52   10000     1.45583    1.46410      4     3.9435
 53   10000     1.45673    1.46410      4     3.9502
 54   10000     1.45751    1.46410      4     3.9560
 55   10000     1.45829    1.46410      4     3.9614
 56   10000     1.45897    1.46410      4     3.9664
 57   10000     1.45896    1.46410      4     3.9666
 58   10000     1.45957    1.46410      4     3.9713
 59   10000     1.45991    1.46410      4     3.9737
 60   10000     1.46045    1.46410      4     3.9775
 61   10000     1.46094    1.46410      4     3.9811
 62   10000     1.46129    1.46410      4     3.9835
 63   10000     1.46130    1.46410      4     3.9837
 64   10000     1.46169    1.46410      4     3.9868
 65   10000     1.46176    1.46410      4     3.9871
 66   10000     1.46203    1.46410      4     3.9889
 67   10000     1.46216    1.46410      4     3.9899
 68   10000     1.46229    1.46410      4     3.9907
 69   10000     1.46254    1.46410      4     3.9925
 70   10000     1.46256    1.46410      4     3.9927
 71   10000     1.46265    1.46410      4     3.9933
 72   10000     1.46267    1.46410      4     3.9935
 73   10000     1.46289    1.46410      4     3.9949
 74   10000     1.46289    1.46410      4     3.9952
 75   10000     1.46305    1.46410      4     3.9963
 76   10000     1.46314    1.46410      4     3.9968
 77   10000     1.46312    1.46410      4     3.9966
 78   10000     1.46323    1.46410      4     3.9972
 79   10000     1.46322    1.46410      4     3.9972
 80   10000     1.46319    1.46410      4     3.9970
 81   10000     1.46320    1.46410      4     3.9970
 82   10000     1.46323    1.46410      4     3.9973
 83   10000     1.46323    1.46410      4     3.9973
 84   10000     1.46329    1.46410      4     3.9979
 85   10000     1.46329    1.46410      4     3.9978
 86   10000     1.46336    1.46410      4     3.9985
 87   10000     1.46336    1.46410      4     3.9988
 88   10000     1.46336    1.46410      4     3.9988
 89   10000     1.46335    1.46410      4     3.9989
 90   10000     1.46336    1.46410      4     3.9990
 91   10000     1.46338    1.46410      4     3.9993
 92   10000     1.46340    1.46410      4     3.9995
 93   10000     1.46337    1.46410      4     3.9994
 94   10000     1.46341    1.46410      4     3.9998
 95   10000     1.46344    1.46410      4     3.9998
 96   10000     1.46342    1.46410      4     3.9998
 97   10000     1.46344    1.46410      4     4.0000
 98   10000     1.46344    1.46410      4     4.0000
 99   10000     1.46343    1.46410      4     4.0000
100   10000     1.46345    1.46410      4     4.0000
