
Asexual Model with selection (random number based on
relative fitness to determine who survives).  Mutation rate is      1e-08,
Starting values at generation   0 are; population size 100000,
with avg fitness of    1.04058.

gen  popSize    avgFit     maxFit maxAlleles avgAlleles 
  0  100000     1.04058    1.61051      5     0.3982
  1  100000     1.04058    1.61051      5     0.3982
  2  100000     1.04482    1.61051      5     0.4391
  3  100000     1.04925    1.61051      5     0.4815
  4  100000     1.05420    1.61051      5     0.5286
  5  100000     1.05990    1.61051      5     0.5827
  6  100000     1.06637    1.61051      5     0.6439
  7  100000     1.07292    1.61051      5     0.7052
  8  100000     1.08012    1.61051      5     0.7721
  9  100000     1.08844    1.61051      5     0.8493
 10  100000     1.09722    1.61051      5     0.9301
 11  100000     1.10665    1.61051      5     1.0160
 12  100000     1.11720    1.61051      5     1.1113
 13  100000     1.12920    1.61051      5     1.2186
 14  100000     1.14256    1.61051      5     1.3372
 15  100000     1.15648    1.61051      5     1.4600
 16  100000     1.17221    1.61051      5     1.5973
 17  100000     1.18932    1.61051      5     1.7458
 18  100000     1.20742    1.61051      5     1.9011
 19  100000     1.22650    1.61051      5     2.0633
 20  100000     1.24614    1.61051      5     2.2288
 21  100000     1.26692    1.61051      5     2.4023
 22  100000     1.28795    1.61051      5     2.5763
 23  100000     1.30850    1.61051      5     2.7451
 24  100000     1.33025    1.61051      5     2.9223
 25  100000     1.34998    1.61051      5     3.0818
 26  100000     1.36958    1.61051      5     3.2387
 27  100000     1.38828    1.61051      5     3.3867
 28  100000     1.40545    1.61051      5     3.5216
 29  100000     1.42184    1.61051      5     3.6491
 30  100000     1.43764    1.61051      5     3.7715
 31  100000     1.45135    1.61051      5     3.8771
 32  100000     1.46436    1.61051      5     3.9762
 33  100000     1.47637    1.61051      5     4.0672
 34  100000     1.48732    1.61051      5     4.1496
 35  100000     1.49762    1.61051      5     4.2268
 36  100000     1.50676    1.61051      5     4.2946
 37  100000     1.51501    1.61051      5     4.3556
 38  100000     1.52263    1.61051      5     4.4116
 39  100000     1.53021    1.61051      5     4.4670
 40  100000     1.53660    1.61051      5     4.5135
 41  100000     1.54277    1.61051      5     4.5583
 42  100000     1.54806    1.61051      5     4.5967
 43  100000     1.55269    1.61051      5     4.6300
 44  100000     1.55702    1.61051      5     4.6612
 45  100000     1.56073    1.61051      5     4.6877
 46  100000     1.56453    1.61051      5     4.7149
 47  100000     1.56800    1.61051      5     4.7395
 48  100000     1.57136    1.61051      5     4.7632
 49  100000     1.57432    1.61051      5     4.7842
 50  100000     1.57708    1.61051      5     4.8034
 51  100000     1.57944    1.61051      5     4.8201
 52  100000     1.58185    1.61051      5     4.8370
 53  100000     1.58375    1.61051      5     4.8503
 54  100000     1.58571    1.61051      5     4.8642
 55  100000     1.58723    1.61051      5     4.8750
 56  100000     1.58876    1.61051      5     4.8857
 57  100000     1.59031    1.61051      5     4.8963
 58  100000     1.59171    1.61051      5     4.9062
 59  100000     1.59289    1.61051      5     4.9144
 60  100000     1.59396    1.61051      5     4.9218
 61  100000     1.59488    1.61051      5     4.9281
 62  100000     1.59575    1.61051      5     4.9340
 63  100000     1.59662    1.61051      5     4.9400
 64  100000     1.59756    1.61051      5     4.9463
 65  100000     1.59842    1.61051      5     4.9521
 66  100000     1.59891    1.61051      5     4.9556
 67  100000     1.59952    1.61051      5     4.9597
 68  100000     1.60006    1.61051      5     4.9635
 69  100000     1.60066    1.61051      5     4.9673
 70  100000     1.60106    1.61051      5     4.9699
 71  100000     1.60153    1.61051      5     4.9730
 72  100000     1.60187    1.61051      5     4.9751
 73  100000     1.60219    1.61051      5     4.9772
 74  100000     1.60244    1.61051      5     4.9788
 75  100000     1.60280    1.61051      5     4.9811
 76  100000     1.60312    1.61051      5     4.9830
 77  100000     1.60331    1.61051      5     4.9843
 78  100000     1.60358    1.61051      5     4.9860
 79  100000     1.60380    1.61051      5     4.9873
 80  100000     1.60393    1.61051      5     4.9881
 81  100000     1.60410    1.61051      5     4.9892
 82  100000     1.60422    1.61051      5     4.9900
 83  100000     1.60445    1.61051      5     4.9913
 84  100000     1.60450    1.61051      5     4.9915
 85  100000     1.60469    1.61051      5     4.9927
 86  100000     1.60484    1.61051      5     4.9934
 87  100000     1.60495    1.61051      5     4.9940
 88  100000     1.60503    1.61051      5     4.9944
 89  100000     1.60513    1.61051      5     4.9948
 90  100000     1.60522    1.61051      5     4.9953
 91  100000     1.60534    1.61051      5     4.9958
 92  100000     1.60542    1.61051      5     4.9964
 93  100000     1.60551    1.61051      5     4.9969
 94  100000     1.60555    1.61051      5     4.9970
 95  100000     1.60563    1.61051      5     4.9974
 96  100000     1.60562    1.61051      5     4.9974
 97  100000     1.60567    1.61051      5     4.9976
 98  100000     1.60573    1.61051      5     4.9978
 99  100000     1.60580    1.61051      5     4.9981
100  100000     1.60582    1.61051      5     4.9983

Asexual Model with selection (random number based on
relative fitness to determine who survives).  Mutation rate is      1e-08,
Starting values at generation   0 are; population size 100000,
with avg fitness of    1.04062.

gen  popSize    avgFit     maxFit maxAlleles avgAlleles 
  0  100000     1.04062    1.61051      5     0.3986
  1  100000     1.04062    1.61051      5     0.3986
  2  100000     1.04453    1.61051      5     0.4361
  3  100000     1.04875    1.61051      5     0.4766
  4  100000     1.05328    1.59720      5     0.5200
  5  100000     1.05846    1.59720      5     0.5693
  6  100000     1.06372    1.59720      5     0.6191
  7  100000     1.07038    1.59720      5     0.6818
  8  100000     1.07730    1.59720      5     0.7465
  9  100000     1.08510    1.59720      5     0.8189
 10  100000     1.09394    1.59720      5     0.9009
 11  100000     1.10324    1.59720      5     0.9862
 12  100000     1.11325    1.59720      5     1.0775
 13  100000     1.12442    1.59720      5     1.1788
 14  100000     1.13594    1.59720      5     1.2825
 15  100000     1.14892    1.59720      5     1.3989
 16  100000     1.16323    1.59720      5     1.5259
 17  100000     1.17755    1.59720      5     1.6518
 18  100000     1.19234    1.59720      5     1.7807
 19  100000     1.20888    1.59720      5     1.9239
 20  100000     1.22531    1.59720      5     2.0648
 21  100000     1.24201    1.59720      5     2.2069
 22  100000     1.25972    1.59720      5     2.3562
 23  100000     1.27768    1.59720      5     2.5065
 24  100000     1.29465    1.59720      5     2.6475
 25  100000     1.31256    1.59720      5     2.7950
 26  100000     1.32978    1.59720      5     2.9358
 27  100000     1.34687    1.59720      5     3.0746
 28  100000     1.36281    1.59720      5     3.2032
 29  100000     1.37826    1.59720      5     3.3266
 30  100000     1.39267    1.59720      5     3.4410
 31  100000     1.40651    1.59720      5     3.5502
 32  100000     1.41931    1.59720      5     3.6510
 33  100000     1.43178    1.59720      5     3.7487
 34  100000     1.44344    1.59720      5     3.8394
 35  100000     1.45466    1.59720      5     3.9262
 36  100000     1.46442    1.59720      5     4.0011
 37  100000     1.47326    1.59720      5     4.0689
 38  100000     1.48192    1.59720      5     4.1351
 39  100000     1.49112    1.59720      5     4.2053
 40  100000     1.49897    1.59720      5     4.2649
 41  100000     1.50647    1.59720      5     4.3217
 42  100000     1.51293    1.59720      5     4.3705
 43  100000     1.51919    1.59720      5     4.4177
 44  100000     1.52494    1.59720      5     4.4610
 45  100000     1.53047    1.59720      5     4.5026
 46  100000     1.53578    1.59720      5     4.5423
 47  100000     1.54040    1.59720      5     4.5769
 48  100000     1.54461    1.59720      5     4.6083
 49  100000     1.54854    1.59720      5     4.6377
 50  100000     1.55255    1.59720      5     4.6677
 51  100000     1.55597    1.59720      5     4.6932
 52  100000     1.55916    1.59720      5     4.7170
 53  100000     1.56217    1.59720      5     4.7394
 54  100000     1.56495    1.59720      5     4.7602
 55  100000     1.56774    1.59720      5     4.7810
 56  100000     1.57011    1.59720      5     4.7986
 57  100000     1.57205    1.59720      5     4.8130
 58  100000     1.57396    1.59720      5     4.8273
 59  100000     1.57585    1.59720      5     4.8412
 60  100000     1.57758    1.59720      5     4.8541
 61  100000     1.57924    1.59720      5     4.8664
 62  100000     1.58078    1.59720      5     4.8780
 63  100000     1.58213    1.59720      5     4.8880
 64  100000     1.58336    1.59720      5     4.8971
 65  100000     1.58437    1.59720      5     4.9046
 66  100000     1.58533    1.59720      5     4.9117
 67  100000     1.58630    1.59720      5     4.9189
 68  100000     1.58727    1.59720      5     4.9262
 69  100000     1.58800    1.59720      5     4.9316
 70  100000     1.58876    1.59720      5     4.9372
 71  100000     1.58943    1.59720      5     4.9422
 72  100000     1.59009    1.59720      5     4.9471
 73  100000     1.59055    1.59720      5     4.9506
 74  100000     1.59113    1.59720      5     4.9549
 75  100000     1.59160    1.59720      5     4.9584
 76  100000     1.59201    1.59720      5     4.9614
 77  100000     1.59245    1.59720      5     4.9647
 78  100000     1.59286    1.59720      5     4.9677
 79  100000     1.59321    1.59720      5     4.9703
 80  100000     1.59349    1.59720      5     4.9724
 81  100000     1.59375    1.59720      5     4.9743
 82  100000     1.59401    1.59720      5     4.9763
 83  100000     1.59434    1.59720      5     4.9787
 84  100000     1.59457    1.59720      5     4.9804
 85  100000     1.59482    1.59720      5     4.9823
 86  100000     1.59505    1.59720      5     4.9840
 87  100000     1.59527    1.59720      5     4.9856
 88  100000     1.59542    1.59720      5     4.9867
 89  100000     1.59562    1.59720      5     4.9882
 90  100000     1.59578    1.59720      5     4.9894
 91  100000     1.59590    1.59720      5     4.9903
 92  100000     1.59598    1.59720      5     4.9909
 93  100000     1.59615    1.59720      5     4.9921
 94  100000     1.59625    1.59720      5     4.9929
 95  100000     1.59633    1.59720      5     4.9935
 96  100000     1.59636    1.59720      5     4.9937
 97  100000     1.59638    1.59720      5     4.9939
 98  100000     1.59643    1.59720      5     4.9942
 99  100000     1.59651    1.59720      5     4.9948
100  100000     1.59658    1.59720      5     4.9954

Asexual Model with selection (random number based on
relative fitness to determine who survives).  Mutation rate is      1e-08,
Starting values at generation   0 are; population size 100000,
with avg fitness of    1.04094.

gen  popSize    avgFit     maxFit maxAlleles avgAlleles 
  0  100000     1.04094    1.59720      5     0.4016
  1  100000     1.04094    1.59720      5     0.4016
  2  100000     1.04482    1.59720      5     0.4389
  3  100000     1.04944    1.59720      5     0.4832
  4  100000     1.05446    1.59720      5     0.5311
  5  100000     1.05976    1.59720      5     0.5814
  6  100000     1.06575    1.59720      5     0.6380
  7  100000     1.07221    1.59720      5     0.6987
  8  100000     1.07973    1.59720      5     0.7691
  9  100000     1.08748    1.59720      5     0.8412
 10  100000     1.09630    1.59720      5     0.9227
 11  100000     1.10592    1.59720      5     1.0111
 12  100000     1.11627    1.59720      5     1.1055
 13  100000     1.12703    1.59720      5     1.2031
 14  100000     1.13924    1.59720      5     1.3132
 15  100000     1.15206    1.59720      5     1.4279
 16  100000     1.16565    1.59720      5     1.5484
 17  100000     1.18011    1.59720      5     1.6757
 18  100000     1.19563    1.59720      5     1.8112
 19  100000     1.21105    1.59720      5     1.9448
 20  100000     1.22696    1.59720      5     2.0814
 21  100000     1.24354    1.59720      5     2.2227
 22  100000     1.26069    1.59720      5     2.3680
 23  100000     1.27751    1.59720      5     2.5094
 24  100000     1.29320    1.59720      5     2.6401
 25  100000     1.30958    1.59720      5     2.7755
 26  100000     1.32521    1.59720      5     2.9040
 27  100000     1.34004    1.59720      5     3.0248
 28  100000     1.35472    1.59720      5     3.1435
 29  100000     1.36889    1.59720      5     3.2576
 30  100000     1.38192    1.59720      5     3.3619
 31  100000     1.39459    1.59720      5     3.4625
 32  100000     1.40643    1.59720      5     3.5561
 33  100000     1.41783    1.59720      5     3.6454
 34  100000     1.42789    1.59720      5     3.7238
 35  100000     1.43836    1.59720      5     3.8051
 36  100000     1.44759    1.59720      5     3.8765
 37  100000     1.45619    1.59720      5     3.9427
 38  100000     1.46490    1.59720      5     4.0095
 39  100000     1.47302    1.59720      5     4.0717
 40  100000     1.48032    1.59720      5     4.1271
 41  100000     1.48728    1.59720      5     4.1800
 42  100000     1.49385    1.59720      5     4.2298
 43  100000     1.50005    1.59720      5     4.2764
 44  100000     1.50574    1.59720      5     4.3195
 45  100000     1.51136    1.59720      5     4.3616
 46  100000     1.51718    1.59720      5     4.4053
 47  100000     1.52270    1.59720      5     4.4466
 48  100000     1.52752    1.59720      5     4.4825
 49  100000     1.53249    1.59720      5     4.5195
 50  100000     1.53680    1.59720      5     4.5518
 51  100000     1.54099    1.59720      5     4.5829
 52  100000     1.54472    1.59720      5     4.6107
 53  100000     1.54817    1.59720      5     4.6364
 54  100000     1.55159    1.59720      5     4.6617
 55  100000     1.55473    1.59720      5     4.6851
 56  100000     1.55761    1.59720      5     4.7065
 57  100000     1.56019    1.59720      5     4.7257
 58  100000     1.56297    1.59720      5     4.7463
 59  100000     1.56532    1.59720      5     4.7638
 60  100000     1.56772    1.59720      5     4.7817
 61  100000     1.56982    1.59720      5     4.7972
 62  100000     1.57194    1.59720      5     4.8129
 63  100000     1.57375    1.59720      5     4.8263
 64  100000     1.57555    1.59720      5     4.8397
 65  100000     1.57736    1.59720      5     4.8530
 66  100000     1.57890    1.59720      5     4.8645
 67  100000     1.58060    1.59720      5     4.8771
 68  100000     1.58191    1.59720      5     4.8868
 69  100000     1.58307    1.59720      5     4.8954
 70  100000     1.58409    1.59720      5     4.9029
 71  100000     1.58503    1.59720      5     4.9098
 72  100000     1.58609    1.59720      5     4.9177
 73  100000     1.58695    1.59720      5     4.9240
 74  100000     1.58778    1.59720      5     4.9302
 75  100000     1.58862    1.59720      5     4.9364
 76  100000     1.58948    1.59720      5     4.9428
 77  100000     1.59013    1.59720      5     4.9476
 78  100000     1.59077    1.59720      5     4.9523
 79  100000     1.59130    1.59720      5     4.9562
 80  100000     1.59176    1.59720      5     4.9596
 81  100000     1.59226    1.59720      5     4.9633
 82  100000     1.59263    1.59720      5     4.9661
 83  100000     1.59295    1.59720      5     4.9684
 84  100000     1.59320    1.59720      5     4.9703
 85  100000     1.59344    1.59720      5     4.9721
 86  100000     1.59374    1.59720      5     4.9743
 87  100000     1.59400    1.59720      5     4.9762
 88  100000     1.59416    1.59720      5     4.9775
 89  100000     1.59442    1.59720      5     4.9794
 90  100000     1.59472    1.59720      5     4.9816
 91  100000     1.59483    1.59720      5     4.9824
 92  100000     1.59507    1.59720      5     4.9842
 93  100000     1.59527    1.59720      5     4.9857
 94  100000     1.59545    1.59720      5     4.9870
 95  100000     1.59558    1.59720      5     4.9879
 96  100000     1.59576    1.59720      5     4.9893
 97  100000     1.59589    1.59720      5     4.9903
 98  100000     1.59603    1.59720      5     4.9913
 99  100000     1.59614    1.59720      5     4.9921
100  100000     1.59619    1.59720      5     4.9925
