
Sexual Model with selection (random number based on
relative fitness to determine who survives).  Mutation rate is      1e-08,
Starting values at generation   0 are; population size    100,
with avg fitness of    1.00350.

gen  popSize    avgFit     maxFit maxAlleles avgAlleles 
  0     100     1.00350    1.02010      2     0.3500
  1     100     1.00350    1.02010      2     0.3500
  2     100     1.00310    1.02010      2     0.3100
  3     100     1.00330    1.02010      2     0.3300
  4     100     1.00300    1.01000      1     0.3000
  5     100     1.00380    1.02010      2     0.3800
  6     100     1.00350    1.03020      3     0.3500
  7     100     1.00320    1.02010      2     0.3200
  8     100     1.00340    1.03020      3     0.3400
  9     100     1.00361    1.02010      2     0.3600
 10     100     1.00421    1.02010      2     0.4200
 11     100     1.00451    1.02010      2     0.4500
 12     100     1.00481    1.03030      3     0.4800
 13     100     1.00411    1.02010      2     0.4100
 14     100     1.00310    1.02010      2     0.3100
 15     100     1.00361    1.03030      3     0.3600
 16     100     1.00331    1.02010      2     0.3300
 17     100     1.00330    1.03020      3     0.3300
 18     100     1.00361    1.02010      2     0.3600
 19     100     1.00350    1.02010      2     0.3500
 20     100     1.00280    1.02010      2     0.2800
 21     100     1.00210    1.02010      2     0.2100
 22     100     1.00210    1.02010      2     0.2100
 23     100     1.00170    1.02010      2     0.1700
 24     100     1.00210    1.02010      2     0.2100
 25     100     1.00190    1.02010      2     0.1900
 26     100     1.00210    1.02010      2     0.2100
 27     100     1.00260    1.02010      2     0.2600
 28     100     1.00240    1.03030      3     0.2400
 29     100     1.00290    1.03020      3     0.2900
 30     100     1.00250    1.02010      2     0.2500
 31     100     1.00200    1.02010      2     0.2000
 32     100     1.00130    1.02010      2     0.1300
 33     100     1.00160    1.02010      2     0.1600
 34     100     1.00190    1.02010      2     0.1900
 35     100     1.00190    1.02010      2     0.1900
 36     100     1.00250    1.02010      2     0.2500
 37     100     1.00281    1.02010      2     0.2800
 38     100     1.00250    1.02010      2     0.2500
 39     100     1.00250    1.02010      2     0.2500
 40     100     1.00190    1.02010      2     0.1900
 41     100     1.00240    1.02010      2     0.2400
 42     100     1.00240    1.02010      2     0.2400
 43     100     1.00180    1.02010      2     0.1800
 44     100     1.00160    1.02010      2     0.1600
 45     100     1.00170    1.02000      2     0.1700
 46     100     1.00140    1.01000      1     0.1400
 47     100     1.00090    1.01000      1     0.0900
 48     100     1.00090    1.01000      1     0.0900
 49     100     1.00100    1.02000      2     0.1000
 50     100     1.00090    1.01000      1     0.0900
 51     100     1.00100    1.01000      1     0.1000
 52     100     1.00110    1.01000      1     0.1100
 53     100     1.00120    1.01000      1     0.1200
 54     100     1.00150    1.01000      1     0.1500
 55     100     1.00160    1.01000      1     0.1600
 56     100     1.00170    1.02000      2     0.1700
 57     100     1.00190    1.01000      1     0.1900
 58     100     1.00230    1.01000      1     0.2300
 59     100     1.00260    1.02000      2     0.2600
 60     100     1.00260    1.02000      2     0.2600
 61     100     1.00240    1.02000      2     0.2400
 62     100     1.00170    1.01000      1     0.1700
 63     100     1.00180    1.02000      2     0.1800
 64     100     1.00120    1.02000      2     0.1200
 65     100     1.00120    1.01000      1     0.1200
 66     100     1.00120    1.01000      1     0.1200
 67     100     1.00190    1.01000      1     0.1900
 68     100     1.00210    1.02000      2     0.2100
 69     100     1.00120    1.01000      1     0.1200
 70     100     1.00130    1.02000      2     0.1300
 71     100     1.00100    1.01000      1     0.1000
 72     100     1.00140    1.01000      1     0.1400
 73     100     1.00150    1.01000      1     0.1500
 74     100     1.00140    1.01000      1     0.1400
 75     100     1.00120    1.01000      1     0.1200
 76     100     1.00130    1.02000      2     0.1300
 77     100     1.00170    1.01000      1     0.1700
 78     100     1.00160    1.01000      1     0.1600
 79     100     1.00150    1.02000      2     0.1500
 80     100     1.00150    1.01000      1     0.1500
 81     100     1.00170    1.02000      2     0.1700
 82     100     1.00190    1.01000      1     0.1900
 83     100     1.00150    1.02000      2     0.1500
 84     100     1.00160    1.01000      1     0.1600
 85     100     1.00210    1.02000      2     0.2100
 86     100     1.00190    1.01000      1     0.1900
 87     100     1.00180    1.02000      2     0.1800
 88     100     1.00190    1.01000      1     0.1900
 89     100     1.00230    1.02000      2     0.2300
 90     100     1.00300    1.02000      2     0.3000
 91     100     1.00270    1.02000      2     0.2700
 92     100     1.00270    1.02000      2     0.2700
 93     100     1.00320    1.02000      2     0.3200
 94     100     1.00320    1.02000      2     0.3200
 95     100     1.00370    1.02000      2     0.3700
 96     100     1.00380    1.02000      2     0.3800
 97     100     1.00430    1.02000      2     0.4300
 98     100     1.00370    1.02000      2     0.3700
 99     100     1.00340    1.02000      2     0.3400
100     100     1.00350    1.02000      2     0.3500
101     100     1.00310    1.02000      2     0.3100
102     100     1.00320    1.02000      2     0.3200
103     100     1.00320    1.02000      2     0.3200
104     100     1.00300    1.02000      2     0.3000
105     100     1.00300    1.02000      2     0.3000
106     100     1.00310    1.02000      2     0.3100
107     100     1.00370    1.02000      2     0.3700
108     100     1.00330    1.02000      2     0.3300
109     100     1.00280    1.01000      1     0.2800
110     100     1.00330    1.02000      2     0.3300
111     100     1.00330    1.02000      2     0.3300
112     100     1.00310    1.02000      2     0.3100
113     100     1.00300    1.02000      2     0.3000
114     100     1.00280    1.02000      2     0.2800
115     100     1.00190    1.02000      2     0.1900
116     100     1.00250    1.02000      2     0.2500
117     100     1.00210    1.02000      2     0.2100
118     100     1.00280    1.02000      2     0.2800
119     100     1.00260    1.02000      2     0.2600
120     100     1.00320    1.02000      2     0.3200
121     100     1.00390    1.02000      2     0.3900
122     100     1.00370    1.02000      2     0.3700
123     100     1.00400    1.02000      2     0.4000
124     100     1.00370    1.02000      2     0.3700
125     100     1.00410    1.02000      2     0.4100
126     100     1.00390    1.02000      2     0.3900
127     100     1.00460    1.02000      2     0.4600
128     100     1.00500    1.02000      2     0.5000
129     100     1.00550    1.02000      2     0.5500
130     100     1.00580    1.02000      2     0.5800
131     100     1.00670    1.02000      2     0.6700
132     100     1.00640    1.02000      2     0.6400
133     100     1.00590    1.02000      2     0.5900
134     100     1.00450    1.02000      2     0.4500
135     100     1.00400    1.02000      2     0.4000
136     100     1.00400    1.02000      2     0.4000
137     100     1.00370    1.02000      2     0.3700
138     100     1.00300    1.02000      2     0.3000
139     100     1.00260    1.02000      2     0.2600
140     100     1.00230    1.02000      2     0.2300
141     100     1.00170    1.02000      2     0.1700
142     100     1.00190    1.02000      2     0.1900
143     100     1.00230    1.02000      2     0.2300
144     100     1.00200    1.01000      1     0.2000
145     100     1.00190    1.02000      2     0.1900
146     100     1.00230    1.02000      2     0.2300
147     100     1.00210    1.02000      2     0.2100
148     100     1.00210    1.02000      2     0.2100
149     100     1.00170    1.02000      2     0.1700
150     100     1.00230    1.02000      2     0.2300
151     100     1.00230    1.02000      2     0.2300
152     100     1.00170    1.01000      1     0.1700
153     100     1.00180    1.02000      2     0.1800
154     100     1.00150    1.01000      1     0.1500
155     100     1.00170    1.01000      1     0.1700
156     100     1.00240    1.02000      2     0.2400
157     100     1.00240    1.02000      2     0.2400
158     100     1.00320    1.02000      2     0.3200
159     100     1.00310    1.02000      2     0.3100
160     100     1.00330    1.02000      2     0.3300
161     100     1.00340    1.02000      2     0.3400
162     100     1.00300    1.02000      2     0.3000
163     100     1.00270    1.02000      2     0.2700
164     100     1.00300    1.02000      2     0.3000
165     100     1.00320    1.02000      2     0.3200
166     100     1.00360    1.02000      2     0.3600
167     100     1.00310    1.02000      2     0.3100
168     100     1.00240    1.01000      1     0.2400
169     100     1.00250    1.02000      2     0.2500
170     100     1.00170    1.02000      2     0.1700
171     100     1.00200    1.02000      2     0.2000
172     100     1.00190    1.01000      1     0.1900
173     100     1.00170    1.02000      2     0.1700
174     100     1.00210    1.02000      2     0.2100
175     100     1.00220    1.02000      2     0.2200
176     100     1.00230    1.02000      2     0.2300
177     100     1.00250    1.02000      2     0.2500
178     100     1.00250    1.02000      2     0.2500
179     100     1.00240    1.02000      2     0.2400
180     100     1.00200    1.02000      2     0.2000
181     100     1.00270    1.02000      2     0.2700
182     100     1.00310    1.02000      2     0.3100
183     100     1.00370    1.02000      2     0.3700
184     100     1.00400    1.02000      2     0.4000
185     100     1.00430    1.02000      2     0.4300
186     100     1.00470    1.02000      2     0.4700
187     100     1.00570    1.02000      2     0.5700
188     100     1.00590    1.02000      2     0.5900
189     100     1.00560    1.02000      2     0.5600
190     100     1.00580    1.02000      2     0.5800
191     100     1.00630    1.02000      2     0.6300
192     100     1.00550    1.02000      2     0.5500
193     100     1.00500    1.02000      2     0.5000
194     100     1.00440    1.02000      2     0.4400
195     100     1.00460    1.02000      2     0.4600
196     100     1.00500    1.02000      2     0.5000
197     100     1.00570    1.02000      2     0.5700
198     100     1.00590    1.02000      2     0.5900
199     100     1.00600    1.02000      2     0.6000
200     100     1.00660    1.02000      2     0.6600
201     100     1.00620    1.02000      2     0.6200
202     100     1.00730    1.02000      2     0.7300
203     100     1.00790    1.02000      2     0.7900
204     100     1.00720    1.02000      2     0.7200
205     100     1.00780    1.02000      2     0.7800
206     100     1.00770    1.02000      2     0.7700
207     100     1.00790    1.02000      2     0.7900
208     100     1.00830    1.02000      2     0.8300
209     100     1.00820    1.02000      2     0.8200
210     100     1.00850    1.02000      2     0.8500
211     100     1.00900    1.02000      2     0.9000
212     100     1.01020    1.02000      2     1.0200
213     100     1.01090    1.02000      2     1.0900
214     100     1.01120    1.02000      2     1.1200
215     100     1.01080    1.02000      2     1.0800
216     100     1.01080    1.02000      2     1.0800
217     100     1.01040    1.02000      2     1.0400
218     100     1.01220    1.02000      2     1.2200
219     100     1.01310    1.02000      2     1.3100
220     100     1.01230    1.02000      2     1.2300
221     100     1.01190    1.02000      2     1.1900
222     100     1.01190    1.02000      2     1.1900
223     100     1.01160    1.02000      2     1.1600
224     100     1.01040    1.02000      2     1.0400
225     100     1.00990    1.02000      2     0.9900
226     100     1.00840    1.02000      2     0.8400
227     100     1.00850    1.02000      2     0.8500
228     100     1.00880    1.02000      2     0.8800
229     100     1.00860    1.02000      2     0.8600
230     100     1.00860    1.02000      2     0.8600
231     100     1.00880    1.02000      2     0.8800
232     100     1.01010    1.02000      2     1.0100
233     100     1.01040    1.02000      2     1.0400
234     100     1.00960    1.02000      2     0.9600
235     100     1.01000    1.02000      2     1.0000
236     100     1.00940    1.02000      2     0.9400
237     100     1.01030    1.02000      2     1.0300
238     100     1.01040    1.02000      2     1.0400
239     100     1.01170    1.02000      2     1.1700
240     100     1.01230    1.02000      2     1.2300
241     100     1.01220    1.02000      2     1.2200
242     100     1.01300    1.02000      2     1.3000
243     100     1.01230    1.02000      2     1.2300
244     100     1.01230    1.02000      2     1.2300
245     100     1.01300    1.02000      2     1.3000
246     100     1.01280    1.02000      2     1.2800
247     100     1.01310    1.02000      2     1.3100
248     100     1.01250    1.02000      2     1.2500
249     100     1.01320    1.02000      2     1.3200
250     100     1.01240    1.02000      2     1.2400
251     100     1.01320    1.02000      2     1.3200
252     100     1.01330    1.02000      2     1.3300
253     100     1.01390    1.02000      2     1.3900
254     100     1.01410    1.02000      2     1.4100
255     100     1.01480    1.02000      2     1.4800
256     100     1.01440    1.02000      2     1.4400
257     100     1.01430    1.02000      2     1.4300
258     100     1.01520    1.02000      2     1.5200
259     100     1.01430    1.02000      2     1.4300
260     100     1.01490    1.02000      2     1.4900
261     100     1.01550    1.02000      2     1.5500
262     100     1.01510    1.02000      2     1.5100
263     100     1.01450    1.02000      2     1.4500
264     100     1.01450    1.02000      2     1.4500
265     100     1.01390    1.02000      2     1.3900
266     100     1.01420    1.02000      2     1.4200
267     100     1.01490    1.02000      2     1.4900
268     100     1.01490    1.02000      2     1.4900
269     100     1.01570    1.02000      2     1.5700
270     100     1.01630    1.02000      2     1.6300
271     100     1.01640    1.02000      2     1.6400
272     100     1.01650    1.02000      2     1.6500
273     100     1.01670    1.02000      2     1.6700
274     100     1.01590    1.02000      2     1.5900
275     100     1.01610    1.02000      2     1.6100
276     100     1.01640    1.02000      2     1.6400
277     100     1.01620    1.02000      2     1.6200
278     100     1.01730    1.02000      2     1.7300
279     100     1.01750    1.02000      2     1.7500
280     100     1.01740    1.02000      2     1.7400
281     100     1.01770    1.02000      2     1.7700
282     100     1.01700    1.02000      2     1.7000
283     100     1.01750    1.02000      2     1.7500
284     100     1.01710    1.02000      2     1.7100
285     100     1.01740    1.02000      2     1.7400
286     100     1.01770    1.02000      2     1.7700
287     100     1.01700    1.02000      2     1.7000
288     100     1.01780    1.02000      2     1.7800
289     100     1.01780    1.02000      2     1.7800
290     100     1.01810    1.02000      2     1.8100
291     100     1.01790    1.02000      2     1.7900
292     100     1.01750    1.02000      2     1.7500
293     100     1.01760    1.02000      2     1.7600
294     100     1.01740    1.02000      2     1.7400
295     100     1.01720    1.02000      2     1.7200
296     100     1.01710    1.02000      2     1.7100
297     100     1.01700    1.02000      2     1.7000
298     100     1.01750    1.02000      2     1.7500
299     100     1.01720    1.02000      2     1.7200
300     100     1.01670    1.02000      2     1.6700
301     100     1.01640    1.02000      2     1.6400
302     100     1.01650    1.02000      2     1.6500
303     100     1.01620    1.02000      2     1.6200
304     100     1.01610    1.02000      2     1.6100
305     100     1.01700    1.02000      2     1.7000
306     100     1.01740    1.02000      2     1.7400
307     100     1.01770    1.02000      2     1.7700
308     100     1.01820    1.02000      2     1.8200
309     100     1.01810    1.02000      2     1.8100
310     100     1.01800    1.02000      2     1.8000
311     100     1.01800    1.02000      2     1.8000
312     100     1.01840    1.02000      2     1.8400
313     100     1.01880    1.02000      2     1.8800
314     100     1.01830    1.02000      2     1.8300
315     100     1.01830    1.02000      2     1.8300
316     100     1.01870    1.02000      2     1.8700
317     100     1.01900    1.02000      2     1.9000
318     100     1.01880    1.02000      2     1.8800
319     100     1.01930    1.02000      2     1.9300
320     100     1.01950    1.02000      2     1.9500
321     100     1.01950    1.02000      2     1.9500
322     100     1.01910    1.02000      2     1.9100
323     100     1.01890    1.02000      2     1.8900
324     100     1.01890    1.02000      2     1.8900
325     100     1.01880    1.02000      2     1.8800
326     100     1.01940    1.02000      2     1.9400
327     100     1.01950    1.02000      2     1.9500
328     100     1.01940    1.02000      2     1.9400
329     100     1.01980    1.02000      2     1.9800
330     100     1.01990    1.02000      2     1.9900
331     100     1.01990    1.02000      2     1.9900
332     100     1.01990    1.02000      2     1.9900
333     100     1.01980    1.02000      2     1.9800
334     100     1.01980    1.02000      2     1.9800
335     100     1.01970    1.02000      2     1.9700
336     100     1.01980    1.02000      2     1.9800
337     100     1.01990    1.02000      2     1.9900
338     100     1.01990    1.02000      2     1.9900
339     100     1.01990    1.02000      2     1.9900
340     100     1.01980    1.02000      2     1.9800
341     100     1.01970    1.02000      2     1.9700
342     100     1.01960    1.02000      2     1.9600
343     100     1.01960    1.02000      2     1.9600
344     100     1.01980    1.02000      2     1.9800
345     100     1.01980    1.02000      2     1.9800
346     100     1.01980    1.02000      2     1.9800
347     100     1.01970    1.02000      2     1.9700
348     100     1.01970    1.02000      2     1.9700
349     100     1.01950    1.02000      2     1.9500
350     100     1.01960    1.02000      2     1.9600
351     100     1.01960    1.02000      2     1.9600
352     100     1.01950    1.02000      2     1.9500
353     100     1.01930    1.02000      2     1.9300
354     100     1.01920    1.02000      2     1.9200
355     100     1.01970    1.02000      2     1.9700
356     100     1.01970    1.02000      2     1.9700
357     100     1.01970    1.02000      2     1.9700
358     100     1.02000    1.02000      2     2.0000
359     100     1.02000    1.02000      2     2.0000
360     100     1.02000    1.02000      2     2.0000
361     100     1.02000    1.02000      2     2.0000
362     100     1.02000    1.02000      2     2.0000
363     100     1.02000    1.02000      2     2.0000
364     100     1.02000    1.02000      2     2.0000
365     100     1.02000    1.02000      2     2.0000
366     100     1.02000    1.02000      2     2.0000
367     100     1.02000    1.02000      2     2.0000
368     100     1.02000    1.02000      2     2.0000
369     100     1.02000    1.02000      2     2.0000
370     100     1.02000    1.02000      2     2.0000
371     100     1.02000    1.02000      2     2.0000
372     100     1.02000    1.02000      2     2.0000
373     100     1.02000    1.02000      2     2.0000
374     100     1.02000    1.02000      2     2.0000
375     100     1.02000    1.02000      2     2.0000
376     100     1.02000    1.02000      2     2.0000
377     100     1.02000    1.02000      2     2.0000
378     100     1.02000    1.02000      2     2.0000
379     100     1.02000    1.02000      2     2.0000
380     100     1.02000    1.02000      2     2.0000
381     100     1.02000    1.02000      2     2.0000
382     100     1.02000    1.02000      2     2.0000
383     100     1.02000    1.02000      2     2.0000
384     100     1.02000    1.02000      2     2.0000
385     100     1.02000    1.02000      2     2.0000
386     100     1.02000    1.02000      2     2.0000
387     100     1.02000    1.02000      2     2.0000
388     100     1.02000    1.02000      2     2.0000
389     100     1.02000    1.02000      2     2.0000
390     100     1.02000    1.02000      2     2.0000
391     100     1.02000    1.02000      2     2.0000
392     100     1.02000    1.02000      2     2.0000
393     100     1.02000    1.02000      2     2.0000
394     100     1.02000    1.02000      2     2.0000
395     100     1.02000    1.02000      2     2.0000
396     100     1.02000    1.02000      2     2.0000
397     100     1.02000    1.02000      2     2.0000
398     100     1.02000    1.02000      2     2.0000
399     100     1.02000    1.02000      2     2.0000
400     100     1.02000    1.02000      2     2.0000

Sexual Model with selection (random number based on
relative fitness to determine who survives).  Mutation rate is      1e-08,
Starting values at generation   0 are; population size    100,
with avg fitness of    1.00291.

gen  popSize    avgFit     maxFit maxAlleles avgAlleles 
  0     100     1.00291    1.03030      3     0.2900
  1     100     1.00291    1.03030      3     0.2900
  2     100     1.00250    1.02010      2     0.2500
  3     100     1.00200    1.02010      2     0.2000
  4     100     1.00240    1.02010      2     0.2400
  5     100     1.00290    1.02010      2     0.2900
  6     100     1.00290    1.02010      2     0.2900
  7     100     1.00291    1.03030      3     0.2900
  8     100     1.00241    1.03030      3     0.2400
  9     100     1.00190    1.03020      3     0.1900
 10     100     1.00251    1.03030      3     0.2500
 11     100     1.00281    1.03030      3     0.2800
 12     100     1.00210    1.01000      1     0.2100
 13     100     1.00240    1.01000      1     0.2400
 14     100     1.00230    1.01000      1     0.2300
 15     100     1.00240    1.02010      2     0.2400
 16     100     1.00260    1.02010      2     0.2600
 17     100     1.00200    1.03020      3     0.2000
 18     100     1.00160    1.02010      2     0.1600
 19     100     1.00160    1.01000      1     0.1600
 20     100     1.00160    1.01000      1     0.1600
 21     100     1.00140    1.02010      2     0.1400
 22     100     1.00120    1.01000      1     0.1200
 23     100     1.00080    1.01000      1     0.0800
 24     100     1.00100    1.01000      1     0.1000
 25     100     1.00070    1.01000      1     0.0700
 26     100     1.00070    1.01000      1     0.0700
 27     100     1.00090    1.01000      1     0.0900
 28     100     1.00090    1.01000      1     0.0900
 29     100     1.00080    1.01000      1     0.0800
 30     100     1.00080    1.02010      2     0.0800
 31     100     1.00060    1.02000      2     0.0600
 32     100     1.00070    1.01000      1     0.0700
 33     100     1.00090    1.01000      1     0.0900
 34     100     1.00090    1.01000      1     0.0900
 35     100     1.00170    1.01000      1     0.1700
 36     100     1.00270    1.02000      2     0.2700
 37     100     1.00270    1.02000      2     0.2700
 38     100     1.00250    1.02000      2     0.2500
 39     100     1.00210    1.02000      2     0.2100
 40     100     1.00200    1.01000      1     0.2000
 41     100     1.00160    1.01000      1     0.1600
 42     100     1.00160    1.01000      1     0.1600
 43     100     1.00130    1.01000      1     0.1300
 44     100     1.00120    1.01000      1     0.1200
 45     100     1.00140    1.01000      1     0.1400
 46     100     1.00150    1.02000      2     0.1500
 47     100     1.00160    1.02000      2     0.1600
 48     100     1.00160    1.01000      1     0.1600
 49     100     1.00180    1.02000      2     0.1800
 50     100     1.00170    1.01000      1     0.1700
 51     100     1.00180    1.02000      2     0.1800
 52     100     1.00190    1.01000      1     0.1900
 53     100     1.00160    1.01000      1     0.1600
 54     100     1.00190    1.02000      2     0.1900
 55     100     1.00240    1.02000      2     0.2400
 56     100     1.00190    1.02000      2     0.1900
 57     100     1.00160    1.01000      1     0.1600
 58     100     1.00170    1.01000      1     0.1700
 59     100     1.00220    1.01000      1     0.2200
 60     100     1.00170    1.01000      1     0.1700
 61     100     1.00200    1.02000      2     0.2000
 62     100     1.00260    1.01000      1     0.2600
 63     100     1.00300    1.02000      2     0.3000
 64     100     1.00300    1.02000      2     0.3000
 65     100     1.00300    1.02000      2     0.3000
 66     100     1.00240    1.02000      2     0.2400
 67     100     1.00190    1.01000      1     0.1900
 68     100     1.00170    1.01000      1     0.1700
 69     100     1.00180    1.01000      1     0.1800
 70     100     1.00220    1.01000      1     0.2200
 71     100     1.00320    1.02000      2     0.3200
 72     100     1.00360    1.02000      2     0.3600
 73     100     1.00330    1.02000      2     0.3300
 74     100     1.00330    1.02000      2     0.3300
 75     100     1.00330    1.02000      2     0.3300
 76     100     1.00300    1.02000      2     0.3000
 77     100     1.00330    1.01000      1     0.3300
 78     100     1.00330    1.02000      2     0.3300
 79     100     1.00240    1.02000      2     0.2400
 80     100     1.00240    1.02000      2     0.2400
 81     100     1.00240    1.02000      2     0.2400
 82     100     1.00140    1.01000      1     0.1400
 83     100     1.00150    1.02000      2     0.1500
 84     100     1.00160    1.01000      1     0.1600
 85     100     1.00110    1.01000      1     0.1100
 86     100     1.00120    1.01000      1     0.1200
 87     100     1.00120    1.02000      2     0.1200
 88     100     1.00120    1.02000      2     0.1200
 89     100     1.00100    1.01000      1     0.1000
 90     100     1.00070    1.01000      1     0.0700
 91     100     1.00060    1.01000      1     0.0600
 92     100     1.00070    1.02000      2     0.0700
 93     100     1.00010    1.01000      1     0.0100
 94     100     1.00020    1.01000      1     0.0200
 95     100     1.00000    1.00000      0     0.0000
 96     100     1.00000    1.00000      0     0.0000
 97     100     1.00000    1.00000      0     0.0000
 98     100     1.00000    1.00000      0     0.0000
 99     100     1.00000    1.00000      0     0.0000
100     100     1.00000    1.00000      0     0.0000
101     100     1.00000    1.00000      0     0.0000
102     100     1.00000    1.00000      0     0.0000
103     100     1.00000    1.00000      0     0.0000
104     100     1.00000    1.00000      0     0.0000
105     100     1.00000    1.00000      0     0.0000
106     100     1.00000    1.00000      0     0.0000
107     100     1.00000    1.00000      0     0.0000
108     100     1.00000    1.00000      0     0.0000
109     100     1.00000    1.00000      0     0.0000
110     100     1.00000    1.00000      0     0.0000
111     100     1.00000    1.00000      0     0.0000
112     100     1.00000    1.00000      0     0.0000
113     100     1.00000    1.00000      0     0.0000
114     100     1.00000    1.00000      0     0.0000
115     100     1.00000    1.00000      0     0.0000
116     100     1.00000    1.00000      0     0.0000
117     100     1.00000    1.00000      0     0.0000
118     100     1.00000    1.00000      0     0.0000
119     100     1.00000    1.00000      0     0.0000
120     100     1.00000    1.00000      0     0.0000
121     100     1.00000    1.00000      0     0.0000
122     100     1.00000    1.00000      0     0.0000
123     100     1.00000    1.00000      0     0.0000
124     100     1.00000    1.00000      0     0.0000
125     100     1.00000    1.00000      0     0.0000
126     100     1.00000    1.00000      0     0.0000
127     100     1.00000    1.00000      0     0.0000
128     100     1.00000    1.00000      0     0.0000
129     100     1.00000    1.00000      0     0.0000
130     100     1.00000    1.00000      0     0.0000
131     100     1.00000    1.00000      0     0.0000
132     100     1.00000    1.00000      0     0.0000
133     100     1.00000    1.00000      0     0.0000
134     100     1.00000    1.00000      0     0.0000
135     100     1.00000    1.00000      0     0.0000
136     100     1.00000    1.00000      0     0.0000
137     100     1.00000    1.00000      0     0.0000
138     100     1.00000    1.00000      0     0.0000
139     100     1.00000    1.00000      0     0.0000
140     100     1.00000    1.00000      0     0.0000
141     100     1.00000    1.00000      0     0.0000
142     100     1.00000    1.00000      0     0.0000
143     100     1.00000    1.00000      0     0.0000
144     100     1.00000    1.00000      0     0.0000
145     100     1.00000    1.00000      0     0.0000
146     100     1.00000    1.00000      0     0.0000
147     100     1.00000    1.00000      0     0.0000
148     100     1.00000    1.00000      0     0.0000
149     100     1.00000    1.00000      0     0.0000
150     100     1.00000    1.00000      0     0.0000
151     100     1.00000    1.00000      0     0.0000
152     100     1.00000    1.00000      0     0.0000
153     100     1.00000    1.00000      0     0.0000
154     100     1.00000    1.00000      0     0.0000
155     100     1.00000    1.00000      0     0.0000
156     100     1.00000    1.00000      0     0.0000
157     100     1.00000    1.00000      0     0.0000
158     100     1.00000    1.00000      0     0.0000
159     100     1.00000    1.00000      0     0.0000
160     100     1.00000    1.00000      0     0.0000
161     100     1.00000    1.00000      0     0.0000
162     100     1.00000    1.00000      0     0.0000
163     100     1.00000    1.00000      0     0.0000
164     100     1.00000    1.00000      0     0.0000
165     100     1.00000    1.00000      0     0.0000
166     100     1.00000    1.00000      0     0.0000
167     100     1.00000    1.00000      0     0.0000
168     100     1.00000    1.00000      0     0.0000
169     100     1.00000    1.00000      0     0.0000
170     100     1.00000    1.00000      0     0.0000
171     100     1.00000    1.00000      0     0.0000
172     100     1.00000    1.00000      0     0.0000
173     100     1.00000    1.00000      0     0.0000
174     100     1.00000    1.00000      0     0.0000
175     100     1.00000    1.00000      0     0.0000
176     100     1.00000    1.00000      0     0.0000
177     100     1.00000    1.00000      0     0.0000
178     100     1.00000    1.00000      0     0.0000
179     100     1.00000    1.00000      0     0.0000
180     100     1.00000    1.00000      0     0.0000
181     100     1.00000    1.00000      0     0.0000
182     100     1.00000    1.00000      0     0.0000
183     100     1.00000    1.00000      0     0.0000
184     100     1.00000    1.00000      0     0.0000
185     100     1.00000    1.00000      0     0.0000
186     100     1.00000    1.00000      0     0.0000
187     100     1.00000    1.00000      0     0.0000
188     100     1.00000    1.00000      0     0.0000
189     100     1.00000    1.00000      0     0.0000
190     100     1.00000    1.00000      0     0.0000
191     100     1.00000    1.00000      0     0.0000
192     100     1.00000    1.00000      0     0.0000
193     100     1.00000    1.00000      0     0.0000
194     100     1.00000    1.00000      0     0.0000
195     100     1.00000    1.00000      0     0.0000
196     100     1.00000    1.00000      0     0.0000
197     100     1.00000    1.00000      0     0.0000
198     100     1.00000    1.00000      0     0.0000
199     100     1.00000    1.00000      0     0.0000
200     100     1.00000    1.00000      0     0.0000
201     100     1.00000    1.00000      0     0.0000
202     100     1.00000    1.00000      0     0.0000
203     100     1.00000    1.00000      0     0.0000
204     100     1.00000    1.00000      0     0.0000
205     100     1.00000    1.00000      0     0.0000
206     100     1.00000    1.00000      0     0.0000
207     100     1.00000    1.00000      0     0.0000
208     100     1.00000    1.00000      0     0.0000
209     100     1.00000    1.00000      0     0.0000
210     100     1.00000    1.00000      0     0.0000
211     100     1.00000    1.00000      0     0.0000
212     100     1.00000    1.00000      0     0.0000
213     100     1.00000    1.00000      0     0.0000
214     100     1.00000    1.00000      0     0.0000
215     100     1.00000    1.00000      0     0.0000
216     100     1.00000    1.00000      0     0.0000
217     100     1.00000    1.00000      0     0.0000
218     100     1.00000    1.00000      0     0.0000
219     100     1.00000    1.00000      0     0.0000
220     100     1.00000    1.00000      0     0.0000
221     100     1.00000    1.00000      0     0.0000
222     100     1.00000    1.00000      0     0.0000
223     100     1.00000    1.00000      0     0.0000
224     100     1.00000    1.00000      0     0.0000
225     100     1.00000    1.00000      0     0.0000
226     100     1.00000    1.00000      0     0.0000
227     100     1.00000    1.00000      0     0.0000
228     100     1.00000    1.00000      0     0.0000
229     100     1.00000    1.00000      0     0.0000
230     100     1.00000    1.00000      0     0.0000
231     100     1.00000    1.00000      0     0.0000
232     100     1.00000    1.00000      0     0.0000
233     100     1.00000    1.00000      0     0.0000
234     100     1.00000    1.00000      0     0.0000
235     100     1.00000    1.00000      0     0.0000
236     100     1.00000    1.00000      0     0.0000
237     100     1.00000    1.00000      0     0.0000
238     100     1.00000    1.00000      0     0.0000
239     100     1.00000    1.00000      0     0.0000
240     100     1.00000    1.00000      0     0.0000
241     100     1.00000    1.00000      0     0.0000
242     100     1.00000    1.00000      0     0.0000
243     100     1.00000    1.00000      0     0.0000
244     100     1.00000    1.00000      0     0.0000
245     100     1.00000    1.00000      0     0.0000
246     100     1.00000    1.00000      0     0.0000
247     100     1.00000    1.00000      0     0.0000
248     100     1.00000    1.00000      0     0.0000
249     100     1.00000    1.00000      0     0.0000
250     100     1.00000    1.00000      0     0.0000
251     100     1.00000    1.00000      0     0.0000
252     100     1.00000    1.00000      0     0.0000
253     100     1.00000    1.00000      0     0.0000
254     100     1.00000    1.00000      0     0.0000
255     100     1.00000    1.00000      0     0.0000
256     100     1.00000    1.00000      0     0.0000
257     100     1.00000    1.00000      0     0.0000
258     100     1.00000    1.00000      0     0.0000
259     100     1.00000    1.00000      0     0.0000
260     100     1.00000    1.00000      0     0.0000
261     100     1.00000    1.00000      0     0.0000
262     100     1.00000    1.00000      0     0.0000
263     100     1.00000    1.00000      0     0.0000
264     100     1.00000    1.00000      0     0.0000
265     100     1.00000    1.00000      0     0.0000
266     100     1.00000    1.00000      0     0.0000
267     100     1.00000    1.00000      0     0.0000
268     100     1.00000    1.00000      0     0.0000
269     100     1.00000    1.00000      0     0.0000
270     100     1.00000    1.00000      0     0.0000
271     100     1.00000    1.00000      0     0.0000
272     100     1.00000    1.00000      0     0.0000
273     100     1.00000    1.00000      0     0.0000
274     100     1.00000    1.00000      0     0.0000
275     100     1.00000    1.00000      0     0.0000
276     100     1.00000    1.00000      0     0.0000
277     100     1.00000    1.00000      0     0.0000
278     100     1.00000    1.00000      0     0.0000
279     100     1.00000    1.00000      0     0.0000
280     100     1.00000    1.00000      0     0.0000
281     100     1.00000    1.00000      0     0.0000
282     100     1.00000    1.00000      0     0.0000
283     100     1.00000    1.00000      0     0.0000
284     100     1.00000    1.00000      0     0.0000
285     100     1.00000    1.00000      0     0.0000
286     100     1.00000    1.00000      0     0.0000
287     100     1.00000    1.00000      0     0.0000
288     100     1.00000    1.00000      0     0.0000
289     100     1.00000    1.00000      0     0.0000
290     100     1.00000    1.00000      0     0.0000
291     100     1.00000    1.00000      0     0.0000
292     100     1.00000    1.00000      0     0.0000
293     100     1.00000    1.00000      0     0.0000
294     100     1.00000    1.00000      0     0.0000
295     100     1.00000    1.00000      0     0.0000
296     100     1.00000    1.00000      0     0.0000
297     100     1.00000    1.00000      0     0.0000
298     100     1.00000    1.00000      0     0.0000
299     100     1.00000    1.00000      0     0.0000
300     100     1.00000    1.00000      0     0.0000
301     100     1.00000    1.00000      0     0.0000
302     100     1.00000    1.00000      0     0.0000
303     100     1.00000    1.00000      0     0.0000
304     100     1.00000    1.00000      0     0.0000
305     100     1.00000    1.00000      0     0.0000
306     100     1.00000    1.00000      0     0.0000
307     100     1.00000    1.00000      0     0.0000
308     100     1.00000    1.00000      0     0.0000
309     100     1.00000    1.00000      0     0.0000
310     100     1.00000    1.00000      0     0.0000
311     100     1.00000    1.00000      0     0.0000
312     100     1.00000    1.00000      0     0.0000
313     100     1.00000    1.00000      0     0.0000
314     100     1.00000    1.00000      0     0.0000
315     100     1.00000    1.00000      0     0.0000
316     100     1.00000    1.00000      0     0.0000
317     100     1.00000    1.00000      0     0.0000
318     100     1.00000    1.00000      0     0.0000
319     100     1.00000    1.00000      0     0.0000
320     100     1.00000    1.00000      0     0.0000
321     100     1.00000    1.00000      0     0.0000
322     100     1.00000    1.00000      0     0.0000
323     100     1.00000    1.00000      0     0.0000
324     100     1.00000    1.00000      0     0.0000
325     100     1.00000    1.00000      0     0.0000
326     100     1.00000    1.00000      0     0.0000
327     100     1.00000    1.00000      0     0.0000
328     100     1.00000    1.00000      0     0.0000
329     100     1.00000    1.00000      0     0.0000
330     100     1.00000    1.00000      0     0.0000
331     100     1.00000    1.00000      0     0.0000
332     100     1.00000    1.00000      0     0.0000
333     100     1.00000    1.00000      0     0.0000
334     100     1.00000    1.00000      0     0.0000
335     100     1.00000    1.00000      0     0.0000
336     100     1.00000    1.00000      0     0.0000
337     100     1.00000    1.00000      0     0.0000
338     100     1.00000    1.00000      0     0.0000
339     100     1.00000    1.00000      0     0.0000
340     100     1.00000    1.00000      0     0.0000
341     100     1.00000    1.00000      0     0.0000
342     100     1.00000    1.00000      0     0.0000
343     100     1.00000    1.00000      0     0.0000
344     100     1.00000    1.00000      0     0.0000
345     100     1.00000    1.00000      0     0.0000
346     100     1.00000    1.00000      0     0.0000
347     100     1.00000    1.00000      0     0.0000
348     100     1.00000    1.00000      0     0.0000
349     100     1.00000    1.00000      0     0.0000
350     100     1.00000    1.00000      0     0.0000
351     100     1.00000    1.00000      0     0.0000
352     100     1.00000    1.00000      0     0.0000
353     100     1.00000    1.00000      0     0.0000
354     100     1.00000    1.00000      0     0.0000
355     100     1.00000    1.00000      0     0.0000
356     100     1.00000    1.00000      0     0.0000
357     100     1.00000    1.00000      0     0.0000
358     100     1.00000    1.00000      0     0.0000
359     100     1.00000    1.00000      0     0.0000
360     100     1.00000    1.00000      0     0.0000
361     100     1.00000    1.00000      0     0.0000
362     100     1.00000    1.00000      0     0.0000
363     100     1.00000    1.00000      0     0.0000
364     100     1.00000    1.00000      0     0.0000
365     100     1.00000    1.00000      0     0.0000
366     100     1.00000    1.00000      0     0.0000
367     100     1.00000    1.00000      0     0.0000
368     100     1.00000    1.00000      0     0.0000
369     100     1.00000    1.00000      0     0.0000
370     100     1.00000    1.00000      0     0.0000
371     100     1.00000    1.00000      0     0.0000
372     100     1.00000    1.00000      0     0.0000
373     100     1.00000    1.00000      0     0.0000
374     100     1.00000    1.00000      0     0.0000
375     100     1.00000    1.00000      0     0.0000
376     100     1.00000    1.00000      0     0.0000
377     100     1.00000    1.00000      0     0.0000
378     100     1.00000    1.00000      0     0.0000
379     100     1.00000    1.00000      0     0.0000
380     100     1.00000    1.00000      0     0.0000
381     100     1.00000    1.00000      0     0.0000
382     100     1.00000    1.00000      0     0.0000
383     100     1.00000    1.00000      0     0.0000
384     100     1.00000    1.00000      0     0.0000
385     100     1.00000    1.00000      0     0.0000
386     100     1.00000    1.00000      0     0.0000
387     100     1.00000    1.00000      0     0.0000
388     100     1.00000    1.00000      0     0.0000
389     100     1.00000    1.00000      0     0.0000
390     100     1.00000    1.00000      0     0.0000
391     100     1.00000    1.00000      0     0.0000
392     100     1.00000    1.00000      0     0.0000
393     100     1.00000    1.00000      0     0.0000
394     100     1.00000    1.00000      0     0.0000
395     100     1.00000    1.00000      0     0.0000
396     100     1.00000    1.00000      0     0.0000
397     100     1.00000    1.00000      0     0.0000
398     100     1.00000    1.00000      0     0.0000
399     100     1.00000    1.00000      0     0.0000
400     100     1.00000    1.00000      0     0.0000

Sexual Model with selection (random number based on
relative fitness to determine who survives).  Mutation rate is      1e-08,
Starting values at generation   0 are; population size    100,
with avg fitness of    1.00391.

gen  popSize    avgFit     maxFit maxAlleles avgAlleles 
  0     100     1.00391    1.03030      3     0.3900
  1     100     1.00391    1.03030      3     0.3900
  2     100     1.00421    1.03030      3     0.4200
  3     100     1.00491    1.03030      3     0.4900
  4     100     1.00481    1.03030      3     0.4800
  5     100     1.00451    1.02010      2     0.4500
  6     100     1.00411    1.03030      3     0.4100
  7     100     1.00481    1.03030      3     0.4800
  8     100     1.00541    1.03030      3     0.5400
  9     100     1.00531    1.02010      2     0.5300
 10     100     1.00541    1.03030      3     0.5400
 11     100     1.00471    1.02010      2     0.4700
 12     100     1.00401    1.02010      2     0.4000
 13     100     1.00360    1.02010      2     0.3600
 14     100     1.00301    1.03030      3     0.3000
 15     100     1.00251    1.03030      3     0.2500
 16     100     1.00281    1.03030      3     0.2800
 17     100     1.00381    1.03030      3     0.3800
 18     100     1.00451    1.04050      4     0.4500
 19     100     1.00441    1.02010      2     0.4400
 20     100     1.00401    1.02010      2     0.4000
 21     100     1.00421    1.03020      3     0.4200
 22     100     1.00421    1.03030      3     0.4200
 23     100     1.00401    1.02010      2     0.4000
 24     100     1.00390    1.02010      2     0.3900
 25     100     1.00300    1.02010      2     0.3000
 26     100     1.00300    1.03020      3     0.3000
 27     100     1.00280    1.02010      2     0.2800
 28     100     1.00290    1.02010      2     0.2900
 29     100     1.00320    1.02010      2     0.3200
 30     100     1.00370    1.02010      2     0.3700
 31     100     1.00300    1.02010      2     0.3000
 32     100     1.00350    1.02010      2     0.3500
 33     100     1.00420    1.02010      2     0.4200
 34     100     1.00461    1.03030      3     0.4600
 35     100     1.00441    1.03030      3     0.4400
 36     100     1.00390    1.03030      3     0.3900
 37     100     1.00320    1.02010      2     0.3200
 38     100     1.00280    1.02010      2     0.2800
 39     100     1.00380    1.02010      2     0.3800
 40     100     1.00511    1.02010      2     0.5100
 41     100     1.00430    1.02010      2     0.4300
 42     100     1.00611    1.02010      2     0.6100
 43     100     1.00631    1.03020      3     0.6300
 44     100     1.00571    1.03030      3     0.5700
 45     100     1.00481    1.03020      3     0.4800
 46     100     1.00441    1.02010      2     0.4400
 47     100     1.00371    1.03030      3     0.3700
 48     100     1.00441    1.03030      3     0.4400
 49     100     1.00411    1.04050      4     0.4100
 50     100     1.00341    1.03030      3     0.3400
 51     100     1.00290    1.02010      2     0.2900
 52     100     1.00360    1.02010      2     0.3600
 53     100     1.00320    1.02010      2     0.3200
 54     100     1.00370    1.02010      2     0.3700
 55     100     1.00500    1.02010      2     0.5000
 56     100     1.00490    1.02010      2     0.4900
 57     100     1.00430    1.02010      2     0.4300
 58     100     1.00341    1.02010      2     0.3400
 59     100     1.00290    1.02010      2     0.2900
 60     100     1.00310    1.02010      2     0.3100
 61     100     1.00230    1.02000      2     0.2300
 62     100     1.00210    1.02010      2     0.2100
 63     100     1.00330    1.02010      2     0.3300
 64     100     1.00280    1.02000      2     0.2800
 65     100     1.00280    1.02000      2     0.2800
 66     100     1.00250    1.02000      2     0.2500
 67     100     1.00330    1.02000      2     0.3300
 68     100     1.00280    1.02000      2     0.2800
 69     100     1.00260    1.02000      2     0.2600
 70     100     1.00250    1.02000      2     0.2500
 71     100     1.00200    1.02000      2     0.2000
 72     100     1.00240    1.02000      2     0.2400
 73     100     1.00250    1.01000      1     0.2500
 74     100     1.00220    1.01000      1     0.2200
 75     100     1.00270    1.02000      2     0.2700
 76     100     1.00200    1.01000      1     0.2000
 77     100     1.00230    1.02000      2     0.2300
 78     100     1.00200    1.02000      2     0.2000
 79     100     1.00170    1.01000      1     0.1700
 80     100     1.00150    1.01000      1     0.1500
 81     100     1.00170    1.01000      1     0.1700
 82     100     1.00150    1.02000      2     0.1500
 83     100     1.00150    1.01000      1     0.1500
 84     100     1.00210    1.01000      1     0.2100
 85     100     1.00210    1.01000      1     0.2100
 86     100     1.00230    1.02000      2     0.2300
 87     100     1.00110    1.01000      1     0.1100
 88     100     1.00160    1.01000      1     0.1600
 89     100     1.00180    1.02000      2     0.1800
 90     100     1.00170    1.01000      1     0.1700
 91     100     1.00170    1.02000      2     0.1700
 92     100     1.00110    1.01000      1     0.1100
 93     100     1.00090    1.01000      1     0.0900
 94     100     1.00110    1.01000      1     0.1100
 95     100     1.00130    1.02000      2     0.1300
 96     100     1.00120    1.01000      1     0.1200
 97     100     1.00140    1.02000      2     0.1400
 98     100     1.00120    1.01000      1     0.1200
 99     100     1.00090    1.01000      1     0.0900
100     100     1.00100    1.01000      1     0.1000
101     100     1.00090    1.02000      2     0.0900
102     100     1.00110    1.01000      1     0.1100
103     100     1.00070    1.01000      1     0.0700
104     100     1.00120    1.02000      2     0.1200
105     100     1.00090    1.01000      1     0.0900
106     100     1.00130    1.01000      1     0.1300
107     100     1.00110    1.01000      1     0.1100
108     100     1.00170    1.01000      1     0.1700
109     100     1.00120    1.02000      2     0.1200
110     100     1.00130    1.02000      2     0.1300
111     100     1.00080    1.01000      1     0.0800
112     100     1.00100    1.01000      1     0.1000
113     100     1.00120    1.01000      1     0.1200
114     100     1.00160    1.01000      1     0.1600
115     100     1.00150    1.01000      1     0.1500
116     100     1.00120    1.01000      1     0.1200
117     100     1.00150    1.01000      1     0.1500
118     100     1.00190    1.02000      2     0.1900
119     100     1.00240    1.02000      2     0.2400
120     100     1.00360    1.02000      2     0.3600
121     100     1.00390    1.02000      2     0.3900
122     100     1.00350    1.02000      2     0.3500
123     100     1.00330    1.02000      2     0.3300
124     100     1.00330    1.02000      2     0.3300
125     100     1.00310    1.02000      2     0.3100
126     100     1.00320    1.01000      1     0.3200
127     100     1.00380    1.02000      2     0.3800
128     100     1.00380    1.02000      2     0.3800
129     100     1.00460    1.02000      2     0.4600
130     100     1.00410    1.02000      2     0.4100
131     100     1.00290    1.02000      2     0.2900
132     100     1.00340    1.02000      2     0.3400
133     100     1.00350    1.02000      2     0.3500
134     100     1.00360    1.02000      2     0.3600
135     100     1.00290    1.02000      2     0.2900
136     100     1.00290    1.02000      2     0.2900
137     100     1.00330    1.02000      2     0.3300
138     100     1.00360    1.02000      2     0.3600
139     100     1.00490    1.02000      2     0.4900
140     100     1.00540    1.02000      2     0.5400
141     100     1.00530    1.02000      2     0.5300
142     100     1.00570    1.02000      2     0.5700
143     100     1.00460    1.02000      2     0.4600
144     100     1.00510    1.02000      2     0.5100
145     100     1.00510    1.02000      2     0.5100
146     100     1.00630    1.02000      2     0.6300
147     100     1.00680    1.02000      2     0.6800
148     100     1.00750    1.02000      2     0.7500
149     100     1.00810    1.02000      2     0.8100
150     100     1.00830    1.02000      2     0.8300
151     100     1.00810    1.02000      2     0.8100
152     100     1.00830    1.02000      2     0.8300
153     100     1.00760    1.02000      2     0.7600
154     100     1.00850    1.02000      2     0.8500
155     100     1.01030    1.02000      2     1.0300
156     100     1.01080    1.02000      2     1.0800
157     100     1.01100    1.02000      2     1.1000
158     100     1.01120    1.02000      2     1.1200
159     100     1.01110    1.02000      2     1.1100
160     100     1.01030    1.02000      2     1.0300
161     100     1.01020    1.02000      2     1.0200
162     100     1.00960    1.02000      2     0.9600
163     100     1.01030    1.02000      2     1.0300
164     100     1.00930    1.02000      2     0.9300
165     100     1.00870    1.02000      2     0.8700
166     100     1.00780    1.02000      2     0.7800
167     100     1.00790    1.02000      2     0.7900
168     100     1.00770    1.02000      2     0.7700
169     100     1.00770    1.02000      2     0.7700
170     100     1.00730    1.02000      2     0.7300
171     100     1.00730    1.02000      2     0.7300
172     100     1.00600    1.02000      2     0.6000
173     100     1.00680    1.02000      2     0.6800
174     100     1.00570    1.02000      2     0.5700
175     100     1.00580    1.02000      2     0.5800
176     100     1.00650    1.02000      2     0.6500
177     100     1.00630    1.02000      2     0.6300
178     100     1.00640    1.02000      2     0.6400
179     100     1.00640    1.02000      2     0.6400
180     100     1.00680    1.02000      2     0.6800
181     100     1.00700    1.02000      2     0.7000
182     100     1.00760    1.02000      2     0.7600
183     100     1.00700    1.02000      2     0.7000
184     100     1.00760    1.02000      2     0.7600
185     100     1.00600    1.02000      2     0.6000
186     100     1.00560    1.02000      2     0.5600
187     100     1.00550    1.02000      2     0.5500
188     100     1.00550    1.02000      2     0.5500
189     100     1.00570    1.02000      2     0.5700
190     100     1.00500    1.02000      2     0.5000
191     100     1.00500    1.02000      2     0.5000
192     100     1.00470    1.02000      2     0.4700
193     100     1.00410    1.02000      2     0.4100
194     100     1.00390    1.02000      2     0.3900
195     100     1.00400    1.02000      2     0.4000
196     100     1.00380    1.02000      2     0.3800
197     100     1.00350    1.02000      2     0.3500
198     100     1.00420    1.02000      2     0.4200
199     100     1.00270    1.01000      1     0.2700
200     100     1.00330    1.02000      2     0.3300
201     100     1.00300    1.02000      2     0.3000
202     100     1.00400    1.02000      2     0.4000
203     100     1.00400    1.02000      2     0.4000
204     100     1.00430    1.02000      2     0.4300
205     100     1.00420    1.02000      2     0.4200
206     100     1.00480    1.02000      2     0.4800
207     100     1.00460    1.02000      2     0.4600
208     100     1.00510    1.02000      2     0.5100
209     100     1.00520    1.02000      2     0.5200
210     100     1.00570    1.02000      2     0.5700
211     100     1.00510    1.02000      2     0.5100
212     100     1.00500    1.02000      2     0.5000
213     100     1.00460    1.02000      2     0.4600
214     100     1.00480    1.02000      2     0.4800
215     100     1.00460    1.02000      2     0.4600
216     100     1.00380    1.02000      2     0.3800
217     100     1.00410    1.02000      2     0.4100
218     100     1.00410    1.02000      2     0.4100
219     100     1.00570    1.02000      2     0.5700
220     100     1.00540    1.02000      2     0.5400
221     100     1.00540    1.02000      2     0.5400
222     100     1.00440    1.02000      2     0.4400
223     100     1.00430    1.02000      2     0.4300
224     100     1.00430    1.02000      2     0.4300
225     100     1.00420    1.02000      2     0.4200
226     100     1.00480    1.02000      2     0.4800
227     100     1.00470    1.02000      2     0.4700
228     100     1.00410    1.02000      2     0.4100
229     100     1.00460    1.02000      2     0.4600
230     100     1.00450    1.02000      2     0.4500
231     100     1.00560    1.02000      2     0.5600
232     100     1.00610    1.02000      2     0.6100
233     100     1.00550    1.02000      2     0.5500
234     100     1.00540    1.02000      2     0.5400
235     100     1.00620    1.02000      2     0.6200
236     100     1.00660    1.02000      2     0.6600
237     100     1.00620    1.02000      2     0.6200
238     100     1.00700    1.02000      2     0.7000
239     100     1.00740    1.02000      2     0.7400
240     100     1.00830    1.02000      2     0.8300
241     100     1.00820    1.02000      2     0.8200
242     100     1.00830    1.02000      2     0.8300
243     100     1.00960    1.02000      2     0.9600
244     100     1.00960    1.02000      2     0.9600
245     100     1.01000    1.02000      2     1.0000
246     100     1.01030    1.02000      2     1.0300
247     100     1.01040    1.02000      2     1.0400
248     100     1.01070    1.02000      2     1.0700
249     100     1.01000    1.02000      2     1.0000
250     100     1.00960    1.02000      2     0.9600
251     100     1.00940    1.02000      2     0.9400
252     100     1.00960    1.02000      2     0.9600
253     100     1.00920    1.02000      2     0.9200
254     100     1.00920    1.02000      2     0.9200
255     100     1.00930    1.02000      2     0.9300
256     100     1.01040    1.02000      2     1.0400
257     100     1.01070    1.02000      2     1.0700
258     100     1.00990    1.02000      2     0.9900
259     100     1.00990    1.02000      2     0.9900
260     100     1.00980    1.02000      2     0.9800
261     100     1.01120    1.02000      2     1.1200
262     100     1.01130    1.02000      2     1.1300
263     100     1.01190    1.02000      2     1.1900
264     100     1.01240    1.02000      2     1.2400
265     100     1.01220    1.02000      2     1.2200
266     100     1.01160    1.02000      2     1.1600
267     100     1.01230    1.02000      2     1.2300
268     100     1.01270    1.02000      2     1.2700
269     100     1.01260    1.02000      2     1.2600
270     100     1.01210    1.02000      2     1.2100
271     100     1.01170    1.02000      2     1.1700
272     100     1.01160    1.02000      2     1.1600
273     100     1.01250    1.02000      2     1.2500
274     100     1.01380    1.02000      2     1.3800
275     100     1.01440    1.02000      2     1.4400
276     100     1.01530    1.02000      2     1.5300
277     100     1.01590    1.02000      2     1.5900
278     100     1.01600    1.02000      2     1.6000
279     100     1.01610    1.02000      2     1.6100
280     100     1.01650    1.02000      2     1.6500
281     100     1.01690    1.02000      2     1.6900
282     100     1.01770    1.02000      2     1.7700
283     100     1.01670    1.02000      2     1.6700
284     100     1.01600    1.02000      2     1.6000
285     100     1.01630    1.02000      2     1.6300
286     100     1.01660    1.02000      2     1.6600
287     100     1.01610    1.02000      2     1.6100
288     100     1.01600    1.02000      2     1.6000
289     100     1.01560    1.02000      2     1.5600
290     100     1.01570    1.02000      2     1.5700
291     100     1.01570    1.02000      2     1.5700
292     100     1.01600    1.02000      2     1.6000
293     100     1.01580    1.02000      2     1.5800
294     100     1.01540    1.02000      2     1.5400
295     100     1.01550    1.02000      2     1.5500
296     100     1.01470    1.02000      2     1.4700
297     100     1.01460    1.02000      2     1.4600
298     100     1.01450    1.02000      2     1.4500
299     100     1.01380    1.02000      2     1.3800
300     100     1.01310    1.02000      2     1.3100
301     100     1.01250    1.02000      2     1.2500
302     100     1.01170    1.02000      2     1.1700
303     100     1.01130    1.02000      2     1.1300
304     100     1.01070    1.02000      2     1.0700
305     100     1.01080    1.02000      2     1.0800
306     100     1.01240    1.02000      2     1.2400
307     100     1.01240    1.02000      2     1.2400
308     100     1.01310    1.02000      2     1.3100
309     100     1.01350    1.02000      2     1.3500
310     100     1.01350    1.02000      2     1.3500
311     100     1.01420    1.02000      2     1.4200
312     100     1.01360    1.02000      2     1.3600
313     100     1.01340    1.02000      2     1.3400
314     100     1.01280    1.02000      2     1.2800
315     100     1.01230    1.02000      2     1.2300
316     100     1.01230    1.02000      2     1.2300
317     100     1.01260    1.02000      2     1.2600
318     100     1.01310    1.02000      2     1.3100
319     100     1.01300    1.02000      2     1.3000
320     100     1.01390    1.02000      2     1.3900
321     100     1.01460    1.02000      2     1.4600
322     100     1.01440    1.02000      2     1.4400
323     100     1.01400    1.02000      2     1.4000
324     100     1.01460    1.02000      2     1.4600
325     100     1.01490    1.02000      2     1.4900
326     100     1.01490    1.02000      2     1.4900
327     100     1.01450    1.02000      2     1.4500
328     100     1.01560    1.02000      2     1.5600
329     100     1.01600    1.02000      2     1.6000
330     100     1.01650    1.02000      2     1.6500
331     100     1.01690    1.02000      2     1.6900
332     100     1.01730    1.02000      2     1.7300
333     100     1.01750    1.02000      2     1.7500
334     100     1.01770    1.02000      2     1.7700
335     100     1.01750    1.02000      2     1.7500
336     100     1.01710    1.02000      2     1.7100
337     100     1.01710    1.02000      2     1.7100
338     100     1.01680    1.02000      2     1.6800
339     100     1.01690    1.02000      2     1.6900
340     100     1.01660    1.02000      2     1.6600
341     100     1.01580    1.02000      2     1.5800
342     100     1.01580    1.02000      2     1.5800
343     100     1.01600    1.02000      2     1.6000
344     100     1.01610    1.02000      2     1.6100
345     100     1.01710    1.02000      2     1.7100
346     100     1.01700    1.02000      2     1.7000
347     100     1.01750    1.02000      2     1.7500
348     100     1.01740    1.02000      2     1.7400
349     100     1.01740    1.02000      2     1.7400
350     100     1.01670    1.02000      2     1.6700
351     100     1.01700    1.02000      2     1.7000
352     100     1.01730    1.02000      2     1.7300
353     100     1.01690    1.02000      2     1.6900
354     100     1.01740    1.02000      2     1.7400
355     100     1.01720    1.02000      2     1.7200
356     100     1.01760    1.02000      2     1.7600
357     100     1.01750    1.02000      2     1.7500
358     100     1.01780    1.02000      2     1.7800
359     100     1.01740    1.02000      2     1.7400
360     100     1.01740    1.02000      2     1.7400
361     100     1.01810    1.02000      2     1.8100
362     100     1.01850    1.02000      2     1.8500
363     100     1.01780    1.02000      2     1.7800
364     100     1.01740    1.02000      2     1.7400
365     100     1.01780    1.02000      2     1.7800
366     100     1.01780    1.02000      2     1.7800
367     100     1.01820    1.02000      2     1.8200
368     100     1.01840    1.02000      2     1.8400
369     100     1.01860    1.02000      2     1.8600
370     100     1.01880    1.02000      2     1.8800
371     100     1.01890    1.02000      2     1.8900
372     100     1.01890    1.02000      2     1.8900
373     100     1.01800    1.02000      2     1.8000
374     100     1.01820    1.02000      2     1.8200
375     100     1.01830    1.02000      2     1.8300
376     100     1.01870    1.02000      2     1.8700
377     100     1.01900    1.02000      2     1.9000
378     100     1.01940    1.02000      2     1.9400
379     100     1.01930    1.02000      2     1.9300
380     100     1.01930    1.02000      2     1.9300
381     100     1.01920    1.02000      2     1.9200
382     100     1.01920    1.02000      2     1.9200
383     100     1.01940    1.02000      2     1.9400
384     100     1.01930    1.02000      2     1.9300
385     100     1.01940    1.02000      2     1.9400
386     100     1.01910    1.02000      2     1.9100
387     100     1.01860    1.02000      2     1.8600
388     100     1.01840    1.02000      2     1.8400
389     100     1.01810    1.02000      2     1.8100
390     100     1.01830    1.02000      2     1.8300
391     100     1.01800    1.02000      2     1.8000
392     100     1.01760    1.02000      2     1.7600
393     100     1.01800    1.02000      2     1.8000
394     100     1.01870    1.02000      2     1.8700
395     100     1.01900    1.02000      2     1.9000
396     100     1.01920    1.02000      2     1.9200
397     100     1.01970    1.02000      2     1.9700
398     100     1.01980    1.02000      2     1.9800
399     100     1.01980    1.02000      2     1.9800
400     100     1.02000    1.02000      2     2.0000
