
Sexual Model with selection (random number based on
relative fitness to determine who survives).  Mutation rate is      1e-08,
Starting values at generation   0 are; population size  10000,
with avg fitness of    1.03987.

gen  popSize    avgFit     maxFit maxAlleles avgAlleles 
  0   10000     1.03987    1.46410      4     0.3915
  1   10000     1.03987    1.46410      4     0.3915
  2   10000     1.04455    1.77156      6     0.4365
  3   10000     1.04813    1.46410      4     0.4710
  4   10000     1.05121    1.46410      4     0.4997
  5   10000     1.05597    1.61051      5     0.5452
  6   10000     1.06157    1.77156      6     0.5984
  7   10000     1.06935    1.77156      6     0.6718
  8   10000     1.07486    2.14359      8     0.7232
  9   10000     1.08286    1.61051      5     0.7976
 10   10000     1.09135    1.77156      6     0.8767
 11   10000     1.10056    1.75692      6     0.9609
 12   10000     1.11025    1.77156      6     1.0489
 13   10000     1.12261    1.93261      7     1.1600
 14   10000     1.13588    1.94872      7     1.2779
 15   10000     1.15025    1.93261      7     1.4054
 16   10000     1.16505    2.14359      8     1.5341
 17   10000     1.18556    2.35795      9     1.7106
 18   10000     1.20299    2.33846      9     1.8583
 19   10000     1.22433    2.14359      8     2.0332
 20   10000     1.24321    2.33846      9     2.1865
 21   10000     1.27075    2.57231     10     2.4084
 22    9654     1.30246    2.82954     11     2.6566
 23    8720     1.33113    2.57231     10     2.8814
 24    9004     1.36720    2.85312     11     3.1508
 25    8644     1.40180    3.06126     12     3.4024
 26    7890     1.44898    3.39544     13     3.7374
 27    6702     1.50504    3.39544     13     4.1247
 28    5846     1.55953    3.39544     13     4.4966
 29    5466     1.62157    3.42374     13     4.8915
 30    5174     1.67754    3.76611     14     5.2360
 31    4548     1.77906    4.17725     15     5.8459
 32    3926     1.87080    4.48199     16     6.3632
 33    3242     1.95699    5.37838     18     6.8257
 34    2466     2.02973    4.44495     16     7.2048
 35    2244     2.15538    4.97127     17     7.8320
 36    1996     2.26443    5.91622     19     8.3292
 37    1552     2.45528    6.40072     20     9.2030
 38    1218     2.63201    5.86733     19     9.9048
 39    1098     2.81113    5.86733     19    10.6056
 40    1072     3.05467    6.50785     20    11.5131
 41    1002     3.32640    7.74487     22    12.4192
 42     796     3.51995    7.15863     21    13.0063
 43     716     3.80792    8.51936     23    13.8645
 44     606     4.21461   11.06045     26    14.9571
 45     458     4.52203   10.13874     25    15.7096
 46     384     5.04003   11.06045     26    16.8229
 47     354     5.53051   10.30843     25    17.8616
 48     350     6.02176   12.26788     27    18.8629
 49     330     6.39119   13.27254     28    19.5061
 50     306     7.12868   13.38314     28    20.7288
 51     310     7.69742   14.59979     29    21.6387
 52     362     8.08448   17.23136     31    22.1022
 53     338     8.66602   17.51975     31    22.8136
 54     338     9.39209   22.55742     34    23.7160
 55     266    10.17391   19.11245     32    24.5639
 56     272    10.75755   22.55742     34    25.2279
 57     238    12.04024   22.74540     34    26.5672
 58     288    12.65967   22.55742     34    27.1528
 59     288    13.57746   24.81316     35    27.8889
 60     310    14.51367   27.06890     36    28.6226
 61     326    15.29648   27.06890     36    29.2853
 62     380    16.20209   29.52971     37    29.9158
 63     386    17.20792   32.21423     38    30.5803
 64     418    18.21605   35.14280     39    31.2273
 65     448    18.97697   32.21423     38    31.7299
 66     578    19.77217   35.14280     39    32.2180
 67     624    20.70282   38.33760     40    32.7147
 68     704    21.57915   35.14280     39    33.2188
 69     908    22.27124   38.33760     40    33.6002
 70    1104    22.97030   38.33760     40    33.9574
 71    1314    24.02120   38.33760     40    34.4726
 72    1640    25.00060   38.33760     40    34.9482
 73    2108    25.91297   38.33760     40    35.3591
 74    2914    26.75805   38.33760     40    35.7334
 75    4090    27.35961   38.33760     40    35.9927
 76    5752    28.03701   38.33760     40    36.2863
 77    8490    28.63084   38.33760     40    36.5332
 78   10000    29.22790   38.33760     40    36.7739
 79   10000    29.79548   38.33760     40    37.0015
 80   10000    30.42559   38.33760     40    37.2479
 81   10000    30.88675   38.33760     40    37.4257
 82   10000    31.36878   38.33760     40    37.6094
 83   10000    31.87530   38.33760     40    37.7982
 84   10000    32.36551   38.33760     40    37.9805
 85   10000    32.79737   38.33760     40    38.1407
 86   10000    33.11808   38.33760     40    38.2544
 87   10000    33.48736   38.33760     40    38.3858
 88   10000    33.88816   38.33760     40    38.5254
 89   10000    34.24052   38.33760     40    38.6493
 90   10000    34.53114   38.33760     40    38.7496
 91   10000    34.86224   38.33760     40    38.8629
 92   10000    35.13403   38.33760     40    38.9565
 93   10000    35.37033   38.33760     40    39.0363
 94   10000    35.62884   38.33760     40    39.1234
 95   10000    35.79878   38.33760     40    39.1804
 96   10000    35.98315   38.33760     40    39.2414
 97   10000    36.14585   38.33760     40    39.2953
 98   10000    36.31245   38.33760     40    39.3503
 99   10000    36.45192   38.33760     40    39.3957
100   10000    36.60501   38.33760     40    39.4459

Sexual Model with selection (random number based on
relative fitness to determine who survives).  Mutation rate is      1e-08,
Starting values at generation   0 are; population size  10000,
with avg fitness of    1.04073.

gen  popSize    avgFit     maxFit maxAlleles avgAlleles 
  0   10000     1.04073    1.46410      4     0.4000
  1   10000     1.04073    1.46410      4     0.4000
  2   10000     1.04485    1.46410      4     0.4396
  3   10000     1.04923    1.46410      4     0.4814
  4   10000     1.05437    1.61051      5     0.5301
  5   10000     1.06048    1.61051      5     0.5877
  6   10000     1.06721    1.77156      6     0.6515
  7   10000     1.07386    1.77156      6     0.7136
  8   10000     1.08343    1.77156      6     0.8027
  9   10000     1.09184    1.77156      6     0.8813
 10   10000     1.09995    1.94872      7     0.9542
 11   10000     1.10843    1.94872      7     1.0318
 12   10000     1.11880    1.94872      7     1.1255
 13   10000     1.13129    1.94872      7     1.2376
 14   10000     1.14684    1.94872      7     1.3751
 15   10000     1.16489    2.14359      8     1.5313
 16   10000     1.18260    2.14359      8     1.6853
 17   10000     1.19905    2.29997      9     1.8238
 18   10000     1.21857    2.14359      8     1.9892
 19   10000     1.23765    2.55105     10     2.1442
 20    9684     1.26260    2.57231     10     2.3463
 21    9646     1.28299    2.57231     10     2.5100
 22    9634     1.31184    2.82954     11     2.7338
 23    8916     1.34846    2.85312     11     3.0150
 24    8468     1.38371    3.13843     12     3.2735
 25    7516     1.43274    2.85312     11     3.6284
 26    7538     1.47765    3.11249     12     3.9415
 27    7148     1.53216    3.76611     14     4.3097
 28    5744     1.59273    3.73499     14     4.6967
 29    4916     1.66222    4.04086     15     5.1446
 30    4072     1.73625    3.70412     14     5.6000
 31    3934     1.81317    4.93019     17     6.0465
 32    2832     1.89814    4.44495     16     6.5166
 33    2376     1.98734    4.51934     16     6.9996
 34    2026     2.12423    4.93019     17     7.6950
 35    1784     2.22590    5.37838     18     8.1760
 36    1404     2.35648    4.97127     17     8.7628
 37    1316     2.49378    5.37838     18     9.3381
 38    1214     2.68131    5.91622     19    10.1071
 39    1094     2.89635    7.09947     21    10.9369
 40     870     3.06247    7.68087     22    11.5172
 41     664     3.34067    7.61739     22    12.4443
 42     576     3.55231    7.74487     22    13.1441
 43     518     3.88919    9.14087     24    14.0598
 44     440     4.24483   11.06045     26    14.9795
 45     326     4.53983    9.37130     24    15.7485
 46     304     4.87905    9.37130     24    16.5855
 47     314     5.32205   11.06045     26    17.4650
 48     288     6.10257   15.92704     30    18.9618
 49     220     6.58315   13.27254     28    19.8273
 50     228     7.10684   17.51975     31    20.6360
 51     186     7.45105   13.38314     28    21.1237
 52     208     7.99208   13.49467     28    21.9423
 53     246     8.55576   17.51975     31    22.6707
 54     254     9.48831   17.37496     31    23.9055
 55     278     9.94880   19.11245     32    24.4137
 56     292    10.64688   20.84995     33    25.1507
 57     336    11.42563   24.81316     35    25.9286
 58     316    12.18473   22.74540     34    26.6013
 59     330    13.32482   24.81316     35    27.6333
 60     366    14.22085   29.28567     37    28.4044
 61     344    15.29254   27.06890     36    29.2558
 62     396    16.03220   29.52971     37    29.7879
 63     434    17.09835   29.52971     37    30.5230
 64     532    18.23260   32.21423     38    31.2669
 65     576    19.16800   38.33760     40    31.8420
 66     578    20.11969   35.14280     39    32.3841
 67     642    21.15161   38.33760     40    32.9720
 68     706    22.11252   38.33760     40    33.5184
 69     818    22.88747   35.14280     39    33.9377
 70    1106    23.70325   38.33760     40    34.3228
 71    1344    24.27414   38.33760     40    34.5871
 72    1666    25.11973   38.33760     40    34.9874
 73    2144    25.96252   38.33760     40    35.3741
 74    2998    26.58898   38.33760     40    35.6554
 75    4230    27.27054   38.33760     40    35.9534
 76    5968    28.18458   38.33760     40    36.3428
 77    8846    28.87871   38.33760     40    36.6293
 78   10000    29.55298   38.33760     40    36.9031
 79   10000    30.13169   38.33760     40    37.1339
 80   10000    30.71871   38.33760     40    37.3624
 81   10000    31.18382   38.33760     40    37.5412
 82   10000    31.60531   38.33760     40    37.6982
 83   10000    32.07770   38.33760     40    37.8738
 84   10000    32.49755   38.33760     40    38.0295
 85   10000    32.95175   38.33760     40    38.1947
 86   10000    33.32101   38.33760     40    38.3275
 87   10000    33.71552   38.33760     40    38.4661
 88   10000    34.11736   38.33760     40    38.6066
 89   10000    34.43183   38.33760     40    38.7153
 90   10000    34.71743   38.33760     40    38.8130
 91   10000    34.98056   38.33760     40    38.9042
 92   10000    35.25874   38.33760     40    38.9987
 93   10000    35.53243   38.33760     40    39.0914
 94   10000    35.75612   38.33760     40    39.1658
 95   10000    35.93437   38.33760     40    39.2252
 96   10000    36.13343   38.33760     40    39.2908
 97   10000    36.34398   38.33760     40    39.3604
 98   10000    36.50602   38.33760     40    39.4142
 99   10000    36.67022   38.33760     40    39.4683
100   10000    36.80927   38.33760     40    39.5126

Sexual Model with selection (random number based on
relative fitness to determine who survives).  Mutation rate is      1e-08,
Starting values at generation   0 are; population size  10000,
with avg fitness of    1.04150.

gen  popSize    avgFit     maxFit maxAlleles avgAlleles 
  0   10000     1.04150    1.46410      4     0.4068
  1   10000     1.04150    1.46410      4     0.4068
  2   10000     1.04597    1.61051      5     0.4496
  3   10000     1.05075    1.74240      6     0.4955
  4   10000     1.05575    1.46410      4     0.5439
  5   10000     1.06097    1.61051      5     0.5932
  6   10000     1.06786    1.61051      5     0.6574
  7   10000     1.07582    1.77156      6     0.7321
  8   10000     1.08479    1.61051      5     0.8163
  9   10000     1.09014    1.61051      5     0.8660
 10   10000     1.09913    1.61051      5     0.9487
 11   10000     1.10687    1.93261      7     1.0185
 12   10000     1.11839    1.77156      6     1.1226
 13   10000     1.13077    1.94872      7     1.2336
 14   10000     1.14336    1.94872      7     1.3453
 15   10000     1.15628    1.94872      7     1.4580
 16   10000     1.17138    2.12587      8     1.5893
 17   10000     1.18656    2.14359      8     1.7180
 18   10000     1.20540    2.55105     10     1.8779
 19    9258     1.22566    2.33846      9     2.0464
 20    9810     1.24853    2.35795      9     2.2315
 21   10000     1.27875    2.82954     11     2.4743
 22    8984     1.30601    2.57231     10     2.6901
 23    9064     1.33995    2.57231     10     2.9510
 24    9482     1.37688    2.59374     10     3.2285
 25   10000     1.41194    2.82954     11     3.4820
 26    9986     1.45147    3.42374     13     3.7607
 27    8438     1.50056    3.11249     12     4.1035
 28    8224     1.55524    3.39544     13     4.4681
 29    7536     1.61679    3.45227     13     4.8625
 30    7124     1.67699    3.76611     14     5.2347
 31    6346     1.74592    3.73499     14     5.6587
 32    5924     1.81387    4.97127     17     6.0584
 33    4248     1.90179    4.07453     15     6.5412
 34    4008     2.01573    5.33393     18     7.1327
 35    3028     2.12199    4.97127     17     7.6764
 36    2504     2.24880    5.91622     19     8.2784
 37    1978     2.40470    5.81884     19     8.9727
 38    1668     2.54705    5.37838     18     9.5791
 39    1574     2.69693    6.45406     20    10.1690
 40    1346     2.89020    6.56208     20    10.9131
 41    1140     3.15886    6.45406     20    11.8684
 42    1140     3.33167    7.21828     21    12.4307
 43    1024     3.59492    7.80941     22    13.1982
 44     926     3.84138    7.74487     22    13.9363
 45     900     4.13419   10.22323     25    14.7122
 46     762     4.51307   11.06045     26    15.6785
 47     614     4.87206   11.15262     26    16.4951
 48     558     5.20404   11.96622     27    17.2222
 49     494     5.59694   12.26788     27    17.9960
 50     432     6.14468   14.59979     29    19.0787
 51     380     6.77192   12.26788     27    20.1605
 52     420     7.25723   14.47913     29    20.8857
 53     382     7.96149   15.66488     30    21.9372
 54     406     8.48086   17.37496     31    22.5887
 55     396     9.06284   19.11245     32    23.3561
 56     372     9.77402   20.67764     33    24.1398
 57     322    10.32938   20.84995     33    24.7578
 58     292    11.63818   32.21423     38    26.0856
 59     202    12.61451   24.81316     35    27.0099
 60     212    13.37671   27.06890     36    27.6509
 61     216    14.43677   27.06890     36    28.5370
 62     228    15.25155   29.52971     37    29.1623
 63     266    15.86979   29.52971     37    29.6466
 64     282    16.59902   29.52971     37    30.1879
 65     324    17.67459   29.52971     37    30.8796
 66     388    18.89184   38.33760     40    31.6263
 67     378    20.05922   35.14280     39    32.3333
 68     436    21.23279   35.14280     39    32.9908
 69     534    21.94284   38.33760     40    33.4157
 70     582    23.15125   38.33760     40    34.0309
 71     722    24.06843   38.33760     40    34.4820
 72     890    25.16139   38.33760     40    34.9933
 73    1130    25.91880   38.33760     40    35.3540
 74    1522    26.52275   38.33760     40    35.6248
 75    2126    27.28571   38.33760     40    35.9619
 76    3038    27.76403   38.33760     40    36.1659
 77    4404    28.25833   38.33760     40    36.3778
 78    6560    28.83707   38.33760     40    36.6184
 79    9782    29.43952   38.33760     40    36.8595
 80   10000    30.07353   38.33760     40    37.1114
 81   10000    30.63626   38.33760     40    37.3320
 82   10000    31.17805   38.33760     40    37.5363
 83   10000    31.69662   38.33760     40    37.7310
 84   10000    32.20723   38.33760     40    37.9203
 85   10000    32.68190   38.33760     40    38.0952
 86   10000    33.05050   38.33760     40    38.2279
 87   10000    33.49303   38.33760     40    38.3861
 88   10000    33.82594   38.33760     40    38.5024
 89   10000    34.09358   38.33760     40    38.5965
 90   10000    34.40876   38.33760     40    38.7080
 91   10000    34.69417   38.33760     40    38.8066
 92   10000    34.96233   38.33760     40    38.8985
 93   10000    35.22767   38.33760     40    38.9885
 94   10000    35.46729   38.33760     40    39.0696
 95   10000    35.67634   38.33760     40    39.1394
 96   10000    35.89710   38.33760     40    39.2126
 97   10000    36.08862   38.33760     40    39.2757
 98   10000    36.25568   38.33760     40    39.3309
 99   10000    36.45263   38.33760     40    39.3964
100   10000    36.63972   38.33760     40    39.4571
