
Sexual Model with selection (random number based on
relative fitness to determine who survives).  Mutation rate is      1e-08,
Starting values at generation   0 are; population size   1000,
with avg fitness of    1.04184.

gen  popSize    avgFit     maxFit maxAlleles avgAlleles 
  0    1000     1.04184    1.33100      3     0.4100
  1    1000     1.04184    1.33100      3     0.4100
  2    1000     1.04323    1.45200      4     0.4230
  3    1000     1.04585    1.33100      3     0.4510
  4    1000     1.04964    1.33100      3     0.4880
  5    1000     1.05618    1.46410      4     0.5470
  6    1000     1.06301    1.46410      4     0.6110
  7    1000     1.06976    1.46410      4     0.6760
  8    1000     1.08224    1.61051      5     0.7910
  9    1000     1.09258    1.59720      5     0.8890
 10    1000     1.10089    1.61051      5     0.9610
 11    1000     1.11087    1.61051      5     1.0540
 12    1000     1.11950    1.77156      6     1.1310
 13    1000     1.13022    1.75692      6     1.2300
 14    1000     1.14057    1.77156      6     1.3240
 15    1000     1.15419    1.77156      6     1.4440
 16    1000     1.16492    1.77156      6     1.5370
 17    1000     1.17772    1.77156      6     1.6470
 18    1000     1.19918    1.94872      7     1.8240
 19    1000     1.22508    2.35795      9     2.0390
 20    1000     1.26097    2.12587      8     2.3300
 21    1000     1.29797    2.12587      8     2.6380
 22    1000     1.32662    2.33846      9     2.8600
 23    1000     1.36763    2.14359      8     3.1820
 24    1000     1.40598    2.55105     10     3.4620
 25    1000     1.43306    2.55105     10     3.6590
 26    1000     1.46340    2.52996     10     3.8650
 27    1000     1.50816    2.80615     11     4.1730
 28    1000     1.58810    3.42374     13     4.7090
 29     902     1.66364    2.82954     11     5.1940
 30    1000     1.72179    3.08677     12     5.5370
 31    1000     1.79183    3.70412     14     5.9470
 32     974     1.88130    3.42374     13     6.4589
 33    1000     1.94263    4.04086     15     6.8120
 34    1000     2.02528    4.04086     15     7.2540
 35    1000     2.10488    4.44495     16     7.6440
 36     914     2.22776    5.33393     18     8.2396
 37     718     2.30160    4.93019     17     8.5599
 38     656     2.45920    4.88944     17     9.2820
 39     682     2.58506    5.77075     19     9.8548
 40     634     2.73030    5.81884     19    10.4148
 41     584     2.85419    5.33393     18    10.8836
 42     632     2.98165    6.29536     20    11.3418
 43     580     3.10508    5.81884     19    11.7948
 44     620     3.27344    6.40072     20    12.3935
 45     592     3.47888    6.92490     21    13.0220
 46     582     3.72237    7.55443     22    13.7663
 47     576     3.99431    9.97185     25    14.5260
 48     450     4.32060    9.88944     25    15.3844
 49     370     4.59198    8.24120     23    16.0486
 50     426     4.86886    9.14087     24    16.7371
 51     450     5.19076    9.14087     24    17.4756
 52     568     5.37408   10.87839     26    17.8222
 53     584     5.64145   13.05406     28    18.3476
 54     524     6.01735   11.86733     27    19.0878
 55     540     6.29292   11.86733     27    19.5963
 56     564     6.53774   11.96622     27    19.9823
 57     626     6.93539   13.05406     28    20.6789
 58     686     7.13287   12.94618     28    20.9810
 59     714     7.59292   13.05406     28    21.7101
 60     798     7.86365   15.53541     30    22.0990
 61     824     8.19890   14.24080     29    22.5789
 62     988     8.57899   17.08895     31    23.0911
 63    1000     8.87917   15.66488     30    23.4570
 64    1000     9.31627   16.94772     31    24.0080
 65    1000     9.68326   16.94772     31    24.4680
 66    1000     9.98559   18.64250     32    24.7900
 67    1000    10.58533   18.64250     32    25.4590
 68    1000    10.94954   18.64250     32    25.8480
 69    1000    11.41984   20.33727     33    26.3190
 70    1000    11.70828   18.64250     32    26.6170
 71    1000    11.96380   18.64250     32    26.8780
 72    1000    12.39022   18.64250     32    27.2700
 73    1000    12.74145   18.64250     32    27.5930
 74    1000    12.99464   20.33727     33    27.8310
 75    1000    13.43526   20.33727     33    28.2160
 76    1000    13.86139   22.18611     34    28.5740
 77    1000    14.29316   20.33727     33    28.9280
 78    1000    14.64547   20.33727     33    29.2070
 79    1000    14.86044   22.18611     34    29.3660
 80    1000    15.05113   20.33727     33    29.5120
 81    1000    15.31135   22.18611     34    29.7150
 82    1000    15.74706   22.18611     34    30.0450
 83    1000    15.98628   22.18611     34    30.2170
 84    1000    16.33721   22.18611     34    30.4720
 85    1000    16.57207   22.18611     34    30.6360
 86    1000    16.68902   22.18611     34    30.7160
 87    1000    16.89386   22.18611     34    30.8520
 88    1000    17.02351   22.18611     34    30.9370
 89    1000    17.17961   22.18611     34    31.0480
 90    1000    17.37273   22.18611     34    31.1690
 91    1000    17.48489   22.18611     34    31.2430
 92    1000    17.70681   22.18611     34    31.3870
 93    1000    17.93779   22.18611     34    31.5320
 94    1000    18.21698   22.18611     34    31.7120
 95    1000    18.37493   22.18611     34    31.8150
 96    1000    18.45846   22.18611     34    31.8650
 97    1000    18.69597   22.18611     34    32.0140
 98    1000    18.81616   22.18611     34    32.0920
 99    1000    18.92858   22.18611     34    32.1590
100    1000    19.12848   22.18611     34    32.2750

Sexual Model with selection (random number based on
relative fitness to determine who survives).  Mutation rate is      1e-08,
Starting values at generation   0 are; population size   1000,
with avg fitness of    1.04229.

gen  popSize    avgFit     maxFit maxAlleles avgAlleles 
  0    1000     1.04229    1.33100      3     0.4150
  1    1000     1.04229    1.33100      3     0.4150
  2    1000     1.04609    1.45200      4     0.4520
  3    1000     1.05080    1.46410      4     0.4950
  4    1000     1.05752    1.33100      3     0.5610
  5    1000     1.06397    1.33100      3     0.6210
  6    1000     1.07105    1.46410      4     0.6880
  7    1000     1.07724    1.46410      4     0.7460
  8    1000     1.08568    1.77156      6     0.8270
  9    1000     1.09595    1.46410      4     0.9190
 10    1000     1.10782    1.77156      6     1.0270
 11    1000     1.11940    1.59720      5     1.1350
 12    1000     1.13045    1.61051      5     1.2330
 13    1000     1.14652    1.61051      5     1.3760
 14    1000     1.16745    1.77156      6     1.5640
 15    1000     1.17998    1.93261      7     1.6670
 16    1000     1.19339    2.14359      8     1.7820
 17    1000     1.20634    1.93261      7     1.8920
 18    1000     1.22572    2.12587      8     2.0550
 19    1000     1.25190    2.35795      9     2.2660
 20    1000     1.28317    2.14359      8     2.5180
 21    1000     1.30529    2.12587      8     2.6960
 22    1000     1.35433    2.33846      9     3.0590
 23    1000     1.38945    2.35795      9     3.3280
 24    1000     1.43987    2.57231     10     3.7010
 25    1000     1.48278    2.85312     11     3.9890
 26    1000     1.54181    2.59374     10     4.3990
 27    1000     1.59608    3.08677     12     4.7560
 28    1000     1.62635    3.06126     12     4.9450
 29    1000     1.69936    3.08677     12     5.4140
 30    1000     1.79327    3.39544     13     5.9630
 31    1000     1.90236    3.39544     13     6.5750
 32    1000     1.98482    3.42374     13     7.0310
 33    1000     2.05282    4.44495     16     7.3750
 34     898     2.17504    4.10849     15     7.9633
 35     928     2.30381    4.44495     16     8.5636
 36     972     2.40087    4.93019     17     9.0134
 37     916     2.51228    5.91622     19     9.4847
 38     776     2.67779    6.45406     20    10.1392
 39     640     2.83120    5.77075     19    10.7344
 40     594     3.03899    7.04079     21    11.4832
 41     490     3.26886    7.09947     21    12.2694
 42     446     3.60286    6.98261     21    13.2713
 43     490     3.80861    8.37913     23    13.8694
 44     460     4.05918    7.74487     22    14.6152
 45     470     4.36648   10.13874     25    15.3745
 46     424     4.75747    8.59036     23    16.3656
 47     460     5.17878    9.97185     25    17.2522
 48     482     5.48100   12.16649     27    17.8693
 49     434     6.06045   11.96622     27    19.0115
 50     430     6.29778   13.16285     28    19.3837
 51     386     6.78780   13.27254     28    20.1606
 52     414     7.42384   15.92704     30    21.1594
 53     422     8.26248   18.95450     32    22.3081
 54     396     9.17462   17.23136     31    23.5354
 55     430     9.61259   19.11245     32    24.0419
 56     408    10.04827   24.81316     35    24.5441
 57     326    10.91943   22.74540     34    25.4693
 58     328    11.46328   20.50675     33    26.0244
 59     364    11.73324   22.74540     34    26.3132
 60     358    12.45877   27.06890     36    26.9581
 61     336    13.25451   24.81316     35    27.6577
 62     332    14.67930   27.06890     36    28.7831
 63     356    16.17078   29.52971     37    29.9242
 64     386    17.61751   35.14280     39    30.8886
 65     376    18.96755   32.21423     38    31.7367
 66     468    19.86679   32.21423     38    32.2927
 67     600    20.68501   32.21423     38    32.7400
 68     774    21.60581   35.14280     39    33.2532
 69     942    22.29816   38.33760     40    33.6115
 70    1000    22.95164   38.33760     40    33.9460
 71    1000    23.88704   38.33760     40    34.4100
 72    1000    24.48883   38.33760     40    34.7100
 73    1000    25.54570   38.33760     40    35.2070
 74    1000    26.15025   38.33760     40    35.4890
 75    1000    26.73207   38.33760     40    35.7320
 76    1000    27.26113   38.33760     40    35.9670
 77    1000    27.60227   38.33760     40    36.1080
 78    1000    28.45476   38.33760     40    36.4530
 79    1000    29.39510   38.33760     40    36.8400
 80    1000    30.06705   38.33760     40    37.1140
 81    1000    30.74074   38.33760     40    37.3720
 82    1000    31.21438   38.33760     40    37.5440
 83    1000    31.71329   38.33760     40    37.7390
 84    1000    32.13820   38.33760     40    37.8950
 85    1000    32.74500   38.33760     40    38.1200
 86    1000    33.02703   38.33760     40    38.2200
 87    1000    33.45888   38.33760     40    38.3750
 88    1000    34.03277   38.33760     40    38.5730
 89    1000    34.36013   38.33760     40    38.6860
 90    1000    34.59931   38.33760     40    38.7740
 91    1000    35.02414   38.33760     40    38.9200
 92    1000    35.34562   38.33760     40    39.0310
 93    1000    35.55267   38.33760     40    39.0990
 94    1000    35.85425   38.33760     40    39.1990
 95    1000    36.14932   38.33760     40    39.2960
 96    1000    36.39876   38.33760     40    39.3810
 97    1000    36.56374   38.33760     40    39.4330
 98    1000    36.76940   38.33760     40    39.5000
 99    1000    36.83110   38.33760     40    39.5210
100    1000    36.90447   38.33760     40    39.5440

Sexual Model with selection (random number based on
relative fitness to determine who survives).  Mutation rate is      1e-08,
Starting values at generation   0 are; population size   1000,
with avg fitness of    1.04088.

gen  popSize    avgFit     maxFit maxAlleles avgAlleles 
  0    1000     1.04088    1.46410      4     0.4000
  1    1000     1.04088    1.46410      4     0.4000
  2    1000     1.04516    1.33100      3     0.4420
  3    1000     1.05071    1.33100      3     0.4960
  4    1000     1.05999    1.46410      4     0.5840
  5    1000     1.06772    1.45200      4     0.6600
  6    1000     1.07191    1.59720      5     0.6970
  7    1000     1.07296    1.46410      4     0.7060
  8    1000     1.08438    1.46410      4     0.8120
  9    1000     1.08979    1.75692      6     0.8620
 10    1000     1.09789    1.46410      4     0.9390
 11    1000     1.10866    1.77156      6     1.0350
 12    1000     1.12529    1.77156      6     1.1810
 13    1000     1.14077    1.75692      6     1.3180
 14    1000     1.15687    1.77156      6     1.4640
 15    1000     1.16532    1.75692      6     1.5430
 16    1000     1.18959    1.93261      7     1.7510
 17    1000     1.20327    1.94872      7     1.8680
 18    1000     1.22467    1.77156      6     2.0470
 19    1000     1.25259    1.94872      7     2.2720
 20    1000     1.27656    2.12587      8     2.4630
 21    1000     1.29802    1.94872      7     2.6330
 22    1000     1.32472    2.33846      9     2.8550
 23    1000     1.35257    2.33846      9     3.0670
 24    1000     1.38216    2.33846      9     3.2820
 25    1000     1.42075    2.33846      9     3.5590
 26    1000     1.48173    2.57231     10     3.9880
 27    1000     1.52751    3.13843     12     4.3060
 28    1000     1.56396    2.82954     11     4.5450
 29    1000     1.63347    3.36738     13     5.0150
 30     972     1.71302    3.11249     12     5.5082
 31    1000     1.77368    3.42374     13     5.8460
 32    1000     1.86692    3.70412     14     6.3940
 33     988     1.97734    3.73499     14     6.9929
 34    1000     2.07682    4.07453     15     7.5170
 35    1000     2.16267    4.48199     16     7.9260
 36     928     2.26005    4.48199     16     8.4084
 37     950     2.38146    4.88944     17     8.9684
 38     928     2.51821    5.33393     18     9.5280
 39     886     2.67143    5.77075     19    10.1456
 40     864     2.82937    5.37838     18    10.7743
 41     876     2.99391    6.34782     20    11.3824
 42     814     3.16853    6.98261     21    12.0160
 43     754     3.28057    6.45406     20    12.3462
 44     776     3.49425    7.61739     22    13.0438
 45     732     3.69697    7.68087     22    13.6680
 46     722     3.95611    7.68087     22    14.4155
 47     742     4.19664    9.29385     24    15.0175
 48     672     4.40300    9.06532     24    15.5580
 49     606     4.76039   10.05495     25    16.4142
 50     578     5.07110   11.96622     27    17.1038
 51     494     5.34228   10.05495     25    17.7024
 52     510     5.52529   11.15262     26    18.0667
 53     512     5.88597   10.13874     25    18.7715
 54     598     6.31572   13.27254     28    19.5217
 55     520     6.84795   13.27254     28    20.3865
 56     542     7.30766   14.47913     29    21.1089
 57     554     7.68268   15.79542     30    21.6498
 58     540     8.36082   15.79542     30    22.6611
 59     562     8.87520   17.23136     31    23.3060
 60     514     9.57618   17.23136     31    24.1634
 61     618     9.86702   17.23136     31    24.4919
 62     734    10.48218   18.79785     32    25.1866
 63     846    10.91199   18.79785     32    25.6336
 64    1000    11.46697   22.37100     34    26.2000
 65    1000    12.09029   20.50675     33    26.8100
 66    1000    12.53620   24.40472     35    27.2150
 67    1000    13.01886   22.37100     34    27.6290
 68    1000    13.61132   24.40472     35    28.1450
 69    1000    14.13727   24.40472     35    28.5660
 70    1000    14.76491   24.40472     35    29.0810
 71    1000    15.43100   26.62333     36    29.5880
 72    1000    15.83924   26.62333     36    29.8770
 73    1000    16.37392   26.62333     36    30.2640
 74    1000    16.74175   26.62333     36    30.5150
 75    1000    17.38792   26.62333     36    30.9540
 76    1000    17.97525   26.62333     36    31.3430
 77    1000    18.54671   26.62333     36    31.7150
 78    1000    18.96165   26.62333     36    31.9700
 79    1000    19.35754   26.62333     36    32.2160
 80    1000    19.91078   26.62333     36    32.5570
 81    1000    20.38521   26.62333     36    32.8340
 82    1000    20.67085   26.62333     36    32.9970
 83    1000    21.11712   26.62333     36    33.2450
 84    1000    21.35914   26.62333     36    33.3770
 85    1000    21.79021   26.62333     36    33.6110
 86    1000    22.03680   26.62333     36    33.7460
 87    1000    22.32965   26.62333     36    33.9030
 88    1000    22.60578   26.62333     36    34.0510
 89    1000    22.89719   26.62333     36    34.2050
 90    1000    23.20879   26.62333     36    34.3630
 91    1000    23.45423   26.62333     36    34.4890
 92    1000    23.82988   26.62333     36    34.6780
 93    1000    24.06264   26.62333     36    34.7940
 94    1000    24.21219   26.62333     36    34.8690
 95    1000    24.28150   26.62333     36    34.9050
 96    1000    24.45020   26.62333     36    34.9830
 97    1000    24.61156   26.62333     36    35.0640
 98    1000    24.85797   26.62333     36    35.1800
 99    1000    25.07085   26.62333     36    35.2810
100    1000    25.19064   26.62333     36    35.3390
