
Sexual Model with selection (random number based on
relative fitness to determine who survives).  Mutation rate is      1e-08,
Starting values at generation   0 are; population size 100000,
with avg fitness of    1.04060.

gen  popSize    avgFit     maxFit maxAlleles avgAlleles 
  0  100000     1.04060    1.61051      5     0.3984
  1  100000     1.04060    1.61051      5     0.3984
  2  100000     1.04466    1.61051      5     0.4376
  3  100000     1.04921    1.61051      5     0.4812
  4  100000     1.05461    1.61051      5     0.5325
  5  100000     1.05951    1.77156      6     0.5793
  6  100000     1.06569    1.77156      6     0.6376
  7  100000     1.07290    1.77156      6     0.7049
  8  100000     1.08051    1.93261      7     0.7759
  9  100000     1.08838    1.94872      7     0.8489
 10  100000     1.09779    1.94872      7     0.9353
 11  100000     1.10767    2.12587      8     1.0253
 12  100000     1.11833    1.94872      7     1.1218
 13  100000     1.12941    2.14359      8     1.2205
 14  100000     1.14260    2.14359      8     1.3372
 15  100000     1.15708    2.14359      8     1.4643
 16  100000     1.17301    2.59374     10     1.6022
 17   89806     1.19029    2.59374     10     1.7493
 18   82624     1.21004    2.82954     11     1.9154
 19   70972     1.23323    2.57231     10     2.1077
 20   68318     1.25812    2.57231     10     2.3090
 21   66728     1.28554    2.78296     11     2.5277
 22   61620     1.31630    3.13843     12     2.7680
 23   51662     1.34977    3.11249     12     3.0229
 24   44494     1.38704    3.08677     12     3.3004
 25   39862     1.43106    3.13843     12     3.6165
 26   36264     1.47740    3.45227     13     3.9404
 27   31204     1.52809    3.73499     14     4.2835
 28   25606     1.58676    4.51934     16     4.6728
 29   17844     1.65056    4.14273     15     5.0774
 30   14134     1.72131    4.10849     15     5.5154
 31   11906     1.79598    4.07453     15     5.9523
 32   10456     1.87615    4.10849     15     6.3976
 33    9414     1.97497    4.55700     16     6.9299
 34    8294     2.08687    5.46840     18     7.4942
 35    6242     2.19804    5.33393     18     8.0352
 36    5240     2.31949    5.96552     19     8.6027
 37    4042     2.47200    5.91622     19     9.2531
 38    3396     2.66852    6.50785     20    10.0433
 39    2826     2.86674    7.74487     22    10.8093
 40    2084     3.08714    7.21828     21    11.5893
 41    1748     3.33954    9.21704     24    12.3936
 42    1274     3.61069    9.29385     24    13.2174
 43    1034     3.92331   10.30843     25    14.1228
 44     790     4.14441   12.26788     27    14.7392
 45     536     4.45196   12.06594     27    15.4888
 46     438     4.68080   12.26788     27    15.9954
 47     312     5.32793   13.27254     28    17.3365
 48     246     6.01290   14.47913     29    18.6870
 49     164     6.64489   14.59979     29    19.8110
 50     144     7.31200   19.11245     32    20.8472
 51     110     8.58279   20.84995     33    22.5636
 52     102     9.15661   20.84995     33    23.2353
 53      92    10.42505   18.95450     32    24.7391
 54     124    10.80328   22.74540     34    25.2742
 55     128    11.40360   22.74540     34    25.8672
 56     132    12.19111   22.74540     34    26.6515
 57     146    13.18651   22.74540     34    27.5959
 58     174    14.34010   24.81316     35    28.5460
 59     210    14.99837   24.81316     35    29.0714
 60     258    15.60853   29.52971     37    29.5116
 61     280    16.91857   27.06890     36    30.4607
 62     336    17.60587   32.21423     38    30.9256
 63     350    18.21299   32.21423     38    31.3086
 64     386    19.26324   35.14280     39    31.9275
 65     440    19.83373   35.14280     39    32.2864
 66     506    20.78152   35.14280     39    32.8162
 67     618    21.49475   35.14280     39    33.1990
 68     708    22.42563   35.14280     39    33.6864
 69     898    23.47720   35.14280     39    34.2238
 70    1158    24.20234   38.33760     40    34.5699
 71    1446    25.00892   38.33760     40    34.9495
 72    1874    25.69666   38.33760     40    35.2705
 73    2504    26.53693   38.33760     40    35.6426
 74    3460    27.27698   38.33760     40    35.9601
 75    4968    27.98565   38.33760     40    36.2701
 76    7314    28.66209   38.33760     40    36.5491
 77   10884    29.34794   38.33760     40    36.8282
 78   16680    29.92478   38.33760     40    37.0540
 79   26090    30.44574   38.33760     40    37.2568
 80   41712    30.98491   38.33760     40    37.4646
 81   67246    31.49345   38.33760     40    37.6562
 82  100000    31.96188   38.33760     40    37.8312
 83  100000    32.42577   38.33760     40    38.0025
 84  100000    32.84357   38.33760     40    38.1544
 85  100000    33.23602   38.33760     40    38.2954
 86  100000    33.61430   38.33760     40    38.4294
 87  100000    33.96267   38.33760     40    38.5522
 88  100000    34.28226   38.33760     40    38.6638
 89  100000    34.56379   38.33760     40    38.7614
 90  100000    34.83788   38.33760     40    38.8554
 91  100000    35.09307   38.33760     40    38.9423
 92  100000    35.34666   38.33760     40    39.0281
 93  100000    35.58695   38.33760     40    39.1088
 94  100000    35.81359   38.33760     40    39.1848
 95  100000    35.99397   38.33760     40    39.2451
 96  100000    36.16976   38.33760     40    39.3032
 97  100000    36.33999   38.33760     40    39.3593
 98  100000    36.49930   38.33760     40    39.4116
 99  100000    36.64603   38.33760     40    39.4594
100  100000    36.78734   38.33760     40    39.5055

Sexual Model with selection (random number based on
relative fitness to determine who survives).  Mutation rate is      1e-08,
Starting values at generation   0 are; population size 100000,
with avg fitness of    1.04072.

gen  popSize    avgFit     maxFit maxAlleles avgAlleles 
  0  100000     1.04072    1.77156      6     0.3996
  1  100000     1.04072    1.77156      6     0.3996
  2  100000     1.04488    1.61051      5     0.4396
  3  100000     1.04977    1.61051      5     0.4862
  4  100000     1.05508    1.77156      6     0.5370
  5  100000     1.06026    1.77156      6     0.5863
  6  100000     1.06654    1.93261      7     0.6454
  7  100000     1.07327    1.77156      6     0.7085
  8  100000     1.08049    1.94872      7     0.7756
  9  100000     1.08814    2.10830      8     0.8465
 10  100000     1.09793    1.94872      7     0.9361
 11  100000     1.10842    1.94872      7     1.0320
 12  100000     1.12029    2.12587      8     1.1390
 13  100000     1.13227    2.14359      8     1.2462
 14  100000     1.14532    2.10830      8     1.3614
 15  100000     1.16062    2.59374     10     1.4948
 16   88890     1.17711    2.14359      8     1.6374
 17   96804     1.19528    2.33846      9     1.7918
 18   99136     1.21554    2.59374     10     1.9621
 19   92978     1.23687    2.85312     11     2.1380
 20   81472     1.26126    2.82954     11     2.3347
 21   72716     1.28840    2.85312     11     2.5493
 22   65952     1.31654    2.85312     11     2.7682
 23   60944     1.34966    3.13843     12     3.0205
 24   52262     1.38483    3.42374     13     3.2820
 25   42244     1.42338    3.33955     13     3.5620
 26   36072     1.46893    3.42374     13     3.8834
 27   31098     1.51521    3.39544     13     4.2035
 28   27666     1.56715    4.10849     15     4.5446
 29   20970     1.62954    3.76611     14     4.9454
 30   18128     1.69729    4.10849     15     5.3623
 31   14924     1.77220    4.44495     16     5.8045
 32   11868     1.85927    4.55700     16     6.2984
 33    9766     1.95686    5.96552     19     6.8251
 34    6442     2.05641    5.37838     18     7.3257
 35    5094     2.17178    6.40072     20     7.8946
 36    3456     2.32691    5.81884     19     8.6282
 37    2776     2.48371    7.15863     21     9.2972
 38    2002     2.60530    6.50785     20     9.8172
 39    1612     2.77562    5.91622     19    10.4963
 40    1616     2.97856    7.04079     21    11.2215
 41    1352     3.18639    7.09947     21    11.9260
 42    1228     3.44236    7.09947     21    12.7736
 43    1218     3.65477    7.87449     22    13.3966
 44    1152     3.89764    9.14087     24    14.0929
 45     946     4.29424   10.13874     25    15.1332
 46     782     4.63562    9.29385     24    15.9578
 47     766     5.08620   11.96622     27    16.9504
 48     670     5.46180   13.38314     28    17.7060
 49     554     5.92227   14.59979     29    18.6047
 50     452     6.32995   12.26788     27    19.3540
 51     468     7.09469   14.47913     29    20.6325
 52     476     7.55777   15.92704     30    21.3571
 53     458     8.19145   15.92704     30    22.2598
 54     492     8.80670   17.51975     31    22.9919
 55     484     9.51656   17.51975     31    23.8533
 56     510    10.38520   22.55742     34    24.7863
 57     454    11.53014   24.81316     35    25.9956
 58     418    12.30880   29.52971     37    26.7488
 59     372    12.91878   24.81316     35    27.2903
 60     366    13.80183   27.06890     36    28.0902
 61     402    14.69766   27.06890     36    28.7736
 62     418    16.16454   29.52971     37    29.8445
 63     440    16.92825   29.52971     37    30.3636
 64     502    18.23480   35.14280     39    31.2052
 65     534    19.37158   32.21423     38    31.9532
 66     618    20.15909   35.14280     39    32.4175
 67     736    20.78514   35.14280     39    32.7812
 68     868    21.99909   35.14280     39    33.4493
 69    1124    22.93048   38.33760     40    33.9324
 70    1300    23.79537   38.33760     40    34.3523
 71    1620    24.81178   38.33760     40    34.8481
 72    2122    25.49789   38.33760     40    35.1602
 73    2774    26.14987   38.33760     40    35.4636
 74    3782    26.90092   38.33760     40    35.7940
 75    5300    27.67068   38.33760     40    36.1258
 76    7644    28.31769   38.33760     40    36.3969
 77   11370    28.94782   38.33760     40    36.6583
 78   17150    29.55915   38.33760     40    36.9046
 79   26540    30.14069   38.33760     40    37.1347
 80   41712    30.70447   38.33760     40    37.3539
 81   66806    31.25121   38.33760     40    37.5623
 82  100000    31.73224   38.33760     40    37.7432
 83  100000    32.22835   38.33760     40    37.9278
 84  100000    32.67942   38.33760     40    38.0928
 85  100000    33.09552   38.33760     40    38.2426
 86  100000    33.51189   38.33760     40    38.3923
 87  100000    33.88610   38.33760     40    38.5242
 88  100000    34.24560   38.33760     40    38.6497
 89  100000    34.55918   38.33760     40    38.7585
 90  100000    34.84765   38.33760     40    38.8576
 91  100000    35.11177   38.33760     40    38.9477
 92  100000    35.36856   38.33760     40    39.0348
 93  100000    35.61005   38.33760     40    39.1162
 94  100000    35.82236   38.33760     40    39.1876
 95  100000    36.03513   38.33760     40    39.2580
 96  100000    36.22306   38.33760     40    39.3202
 97  100000    36.40210   38.33760     40    39.3793
 98  100000    36.55605   38.33760     40    39.4298
 99  100000    36.69342   38.33760     40    39.4748
100  100000    36.82578   38.33760     40    39.5177

Sexual Model with selection (random number based on
relative fitness to determine who survives).  Mutation rate is      1e-08,
Starting values at generation   0 are; population size 100000,
with avg fitness of    1.04088.

gen  popSize    avgFit     maxFit maxAlleles avgAlleles 
  0  100000     1.04088    1.77156      6     0.4011
  1  100000     1.04088    1.77156      6     0.4011
  2  100000     1.04493    1.77156      6     0.4397
  3  100000     1.04950    1.77156      6     0.4833
  4  100000     1.05404    1.77156      6     0.5266
  5  100000     1.05978    1.77156      6     0.5812
  6  100000     1.06581    1.77156      6     0.6382
  7  100000     1.07217    1.94872      7     0.6977
  8  100000     1.08061    1.94872      7     0.7762
  9  100000     1.08837    2.10830      8     0.8482
 10  100000     1.09725    1.94872      7     0.9301
 11  100000     1.10698    2.12587      8     1.0189
 12  100000     1.11852    2.09088      8     1.1231
 13  100000     1.12996    2.10830      8     1.2255
 14  100000     1.14255    2.14359      8     1.3372
 15  100000     1.15697    2.14359      8     1.4632
 16  100000     1.17329    2.35795      9     1.6038
 17   99844     1.19059    2.33846      9     1.7520
 18  100000     1.21109    2.57231     10     1.9246
 19   94154     1.23233    2.59374     10     2.0994
 20   89898     1.25718    2.59374     10     2.3010
 21   86974     1.28413    2.59374     10     2.5164
 22   85996     1.31337    2.85312     11     2.7451
 23   78874     1.34613    3.39544     13     2.9947
 24   62132     1.38259    3.42374     13     3.2669
 25   50136     1.42341    3.39544     13     3.5621
 26   41810     1.46755    3.42374     13     3.8722
 27   35688     1.51459    3.39544     13     4.1949
 28   31788     1.57372    4.07453     15     4.5900
 29   24724     1.63455    3.76611     14     4.9803
 30   21426     1.70390    3.76611     14     5.4021
 31   19382     1.78133    4.48199     16     5.8625
 32   15284     1.86480    4.51934     16     6.3339
 33   12612     1.96158    5.33393     18     6.8595
 34    9036     2.06418    4.93019     17     7.3944
 35    7562     2.17913    5.33393     18     7.9587
 36    6120     2.29413    5.81884     19     8.4948
 37    4784     2.44802    5.37838     18     9.1724
 38    4318     2.58178    6.01524     19     9.7281
 39    3678     2.73951    7.80941     22    10.3328
 40    2634     2.86051    7.09947     21    10.7863
 41    2038     3.09846    7.15863     21    11.6197
 42    1812     3.35482    8.44895     23    12.4564
 43    1420     3.59892    7.87449     22    13.2225
 44    1328     3.90292   12.16649     27    14.0753
 45     868     4.23575   11.15262     26    14.9574
 46     706     4.55195   11.15262     26    15.7125
 47     536     4.89440   12.16649     27    16.5093
 48     432     5.34472   14.35947     29    17.4282
 49     320     5.69669   13.27254     28    18.1500
 50     266     6.26590   13.27254     28    19.1767
 51     240     6.73917   15.92704     30    20.0708
 52     188     7.30364   17.51975     31    21.0213
 53     152     7.65743   15.79542     30    21.4145
 54     150     8.33598   15.92704     30    22.3467
 55     154     8.90849   17.23136     31    23.1494
 56     176     9.94653   17.51975     31    24.4375
 57     194    10.70194   20.84995     33    25.2320
 58     182    11.17771   22.55742     34    25.7033
 59     170    11.81712   19.11245     32    26.3941
 60     202    12.58319   24.81316     35    27.0297
 61     214    13.40477   24.81316     35    27.7523
 62     222    14.00575   27.06890     36    28.2568
 63     196    14.78939   27.06890     36    28.8622
 64     202    15.85777   32.21423     38    29.6634
 65     192    16.38773   29.28567     37    30.0104
 66     230    17.19824   32.21423     38    30.5609
 67     236    18.15712   32.21423     38    31.2288
 68     272    19.32133   32.21423     38    31.9522
 69     324    20.46827   38.33760     40    32.6296
 70     366    20.64644   35.14280     39    32.7295
 71     442    21.50342   38.33760     40    33.1765
 72     480    22.74945   38.33760     40    33.8354
 73     524    23.70950   35.14280     39    34.3034
 74     676    24.52873   38.33760     40    34.7101
 75     878    25.36115   38.33760     40    35.0968
 76    1128    26.31893   38.33760     40    35.5381
 77    1570    26.94972   38.33760     40    35.8102
 78    2202    27.63824   38.33760     40    36.1104
 79    3160    28.34455   38.33760     40    36.4133
 80    4642    29.06983   38.33760     40    36.7090
 81    7044    29.65760   38.33760     40    36.9453
 82   10944    30.19733   38.33760     40    37.1566
 83   17162    30.80060   38.33760     40    37.3919
 84   27570    31.29373   38.33760     40    37.5814
 85   44968    31.80626   38.33760     40    37.7733
 86   74744    32.27225   38.33760     40    37.9447
 87  100000    32.70154   38.33760     40    38.1020
 88  100000    33.11030   38.33760     40    38.2494
 89  100000    33.49087   38.33760     40    38.3853
 90  100000    33.84851   38.33760     40    38.5114
 91  100000    34.18965   38.33760     40    38.6307
 92  100000    34.50636   38.33760     40    38.7412
 93  100000    34.81169   38.33760     40    38.8459
 94  100000    35.08250   38.33760     40    38.9382
 95  100000    35.33493   38.33760     40    39.0238
 96  100000    35.57331   38.33760     40    39.1041
 97  100000    35.78993   38.33760     40    39.1767
 98  100000    35.98703   38.33760     40    39.2425
 99  100000    36.17638   38.33760     40    39.3050
100  100000    36.33573   38.33760     40    39.3577
